V1	V2	V3	V4	V5	V6	V7	V8	V9	V10	V11	V12	V13	V14	V15	V16	V17	V18
Os01g0126900	2984.29263289654	2781.22000750302	2869.31971058722	1820.34944370915	1594.14219164926	2263.39798046419	3652.99311369486	3201.90597019873	3751.10743955975	2863.5821074438	1832.27381580236	2302.6604140253	2642.47609785199	2022.46855630571	3211.30430953972	1151.35864195607	884.955922834468	908.596021768777
Os01g0164075	30.4072790770694	74.9379676119606	52.6283954810694	4.04012595470951	9.76254380679543	36.0400614444763	17.9657098607726	123.415311952197	93.9553034690308	0	52.866115348016	55.9070204781331	123.511784568639	12.6216388938798	95.1469632287869	5.85043554221596	15.9673661358889	4.26546748375867
Os01g0170051	744.796633855106	574.603401939314	797.165234401274	246.710083835941	483.667013943654	1137.29709687968	922.429468171952	860.729358933924	820.881251774394	726.374239260984	526.208467264806	1145.94631710524	689.816710365123	426.063808918311	889.2343170122	191.996848563222	172.206645432623	303.623335365118
Os01g0294500	459.543731766192	426.913580549242	169.076651466513	169.88089594263	110.125259040511	194.57192497715	376.58437555558	381.070059303078	271.925265163055	79.7122404190817	191.90040017824	287.052781074273	819.165466183503	107.893787104776	384.47612298625	106.442499514337	75.7541087051863	35.5018803156644
Os01g0315800	2425.96336056251	2369.18373098596	2533.7191459737	376.188249399408	411.04985329461	430.837057776189	2606.07991609776	2619.06923146889	2502.78839386958	362.660804772532	331.659418713229	367.917524874571	2453.67382258695	2448.52163188298	2382.15140101677	399.383013228674	404.755978626631	461.621464330841
Os01g0315850	147.725210268261	86.6139992394549	124.063358297184	21.6665891837566	21.4416801685724	22.0798120120159	112.643877392257	168.0051010679	80.8289605906401	12.5963481330568	39.9123774024182	10.3754851382034	54.739006282921	110.071839439956	83.5891376813525	31.9263653616832	21.982006833772	18.0232327453162
Os01g0318600	294.612966921101	300.681187018647	230.408481637077	165.97188988309	211.730820123614	220.141028360607	348.918008396281	211.640979069851	233.623952126932	212.008706950607	174.564871772314	235.932424197935	258.025910223734	184.803002311731	290.527899291781	152.079827682006	172.082442071484	185.582406213807
Os01g0339500	50.2313587731776	32.863556409387	27.2020188317683	10.4216658881047	17.5526765149167	13.2709857893834	56.2713670855406	44.1782529371118	39.599595650398	16.4780675169435	22.7386531549514	10.4628707492496	35.7819691275518	56.64237192504	28.9727485708318	22.4190958654535	8.27546955726411	30.1229032633219
Os01g0356400	2828.46522074872	2902.77772038114	2771.72913953094	1905.6313889029	2438.10748462881	2861.97077578886	3036.38183459057	3273.62577562615	2902.99305851577	2643.50514010069	2577.51952662927	2464.17748937765	2449.62779221429	2432.06964375126	3184.11645200542	1141.40131139629	1631.96412551676	1679.16677054802
Os01g0370000	348.275543936315	731.093574607213	653.348529624951	172.30550537038	344.321238573599	511.616440436863	297.252672535885	527.666822433111	637.410644431674	179.129917971014	353.934854863651	522.193258768971	445.988011097183	522.051067771046	984.70194224102	85.6405513883381	192.573262555188	128.065648452072
Os01g0371500	1954.02909800834	4211.21608701404	4396.20121319468	903.768103326174	2583.47902529044	3944.22948539471	1693.33936564557	3747.47586962429	4572.32113000452	1515.19816685491	2288.32974578702	3408.89671184293	1846.20142454554	2472.37817213291	5533.95664352227	623.321724473367	1642.20538238391	1226.67510294392
Os01g0507000	625.49617225492	488.724799005307	692.5555795303	440.389775139985	560.473710302595	908.395734304893	574.128679863318	368.645666671235	426.965941896798	392.60462031905	341.463680341277	760.468089820282	545.938661619096	512.380937151567	461.346106469054	294.70562991286	348.241172916318	614.517574544293
Os01g0609000	74.8034959272726	226.891744252695	219.897181366958	46.8349766346743	73.1723051737169	144.606519244892	80.4059008114832	236.273483411178	223.066722239367	6.33535990265624	102.763206534509	147.177370024658	170.278065922381	85.3976393292358	421.236099725566	28.4987410884442	58.226949523942	63.0572331351156
Os01g0654100	639.738220489889	799.085546693799	927.846775973025	407.837475548463	547.919592747249	965.283192569967	667.336821291817	1157.22237384623	1264.27973911138	469.045772301481	1053.49745486164	1090.87193308346	719.614242279085	747.452684191471	1221.24873846838	377.344824814005	823.004330629048	1115.81030453401
Os01g0654650	611.205665931351	635.726974302916	428.723284282305	299.264182217931	436.720189960294	320.438647504948	523.156002728961	545.031222487142	576.190649863748	480.434035999262	507.77322774073	376.835771768391	582.515083554874	317.644136922084	640.927766099469	206.623106906252	278.037420399038	198.057820781501
Os01g0695100	3629.86365387037	6824.43138280062	5139.17598702686	2206.15081931448	3092.28777795477	3439.37995595476	3053.73967254405	4340.07630051828	5861.05297037731	1840.19937029271	3075.07138814133	4306.76866768422	4790.36144073868	3572.99875181935	6380.36274279584	2531.22869290562	3388.29973678838	3355.9117857816
Os01g0695150	2502.10874047577	4435.0354023706	3740.284103975	1667.47580078969	2247.63106201206	2496.37334181438	2146.50842114599	3174.30961624209	4403.65706465725	1334.05773086201	2028.23106617586	3058.78131272883	2948.55110461913	2359.16079935518	4266.2413035619	1522.8115679552	2037.52075179838	1838.58684222317
Os01g0699100	280.263690365056	64.9716600753629	66.6565371712437	163.530696794964	53.562900764893	123.117117725695	289.571783431385	77.8249558104325	72.5217540063075	167.982851925059	82.2350391860584	102.539400699831	233.826164958746	37.6986508904395	65.6518411116188	127.486806859891	45.5268693352791	133.681030420752
Os01g0771000	468.840504407214	636.796056012072	643.69057825118	250.311506589167	545.446080873559	815.783697466432	419.551011939175	602.955920165321	669.369924828452	277.437014400831	502.77185798751	811.938043390715	394.709931946758	417.622855298602	643.592481119565	176.878495583377	410.422529552611	356.79383994164
Os01g0775100	1417.22621575974	1018.60633897844	1154.16630649994	830.728436186254	1027.70513894291	1591.81343948722	1929.63408683039	1139.24769283828	1155.36334906959	1421.97274043692	862.478000822572	1749.23745628491	1361.72186677932	902.050353956111	1171.32521258327	609.463595192119	557.879293953576	822.696306512208
Os01g0781600	216.347463035435	132.062162843762	110.794122967144	66.177058144945	39.3912381221042	76.3185349687978	86.1235497833602	114.536264942179	103.920909745348	59.3657090664706	70.6166876327465	47.8208735343822	135.855632354678	123.233024987423	103.226486924261	76.5910057225103	73.412316809939	65.8893058299255
Os01g0823100	1016.09503764799	1278.58787302307	1187.86712072982	496.654310120381	1176.70785748048	1624.35838619174	1266.40244010276	1475.84155348705	1823.14229659674	697.42750231721	1104.67759506122	1912.40167554369	795.1420739076	952.798752742981	1500.83038204423	600.784434971664	966.385835129168	1040.34809756833
Os01g0847700	472.162898014508	346.716335494287	363.281697314654	282.598000520773	329.060360945185	479.519475508774	573.025432831741	321.157126159406	409.692455164416	427.393739215559	328.103705174971	391.739791576518	424.04894427499	215.560430885437	366.894988452119	244.340470280572	195.725782387487	255.720732700101
Os01g0916100	492.405567289395	544.92373119195	598.791465285362	197.229472838917	279.430435381112	260.860517142186	367.126711913052	1265.27326525222	1045.87299677967	240.577757893891	550.411482327636	553.84960823405	393.910716209685	842.985222156362	608.101837000474	92.1393534868082	85.5675085551478	95.9982283114848
Os02g0106100	2402.4068647273	3808.64086348226	2764.9942500847	1348.09862164696	1558.82379804839	2100.37165777405	2445.24401602613	2320.72543621341	3110.6815492625	1153.14079621905	1904.39166325837	2757.93434596853	2863.13651930504	972.066401334789	2806.25295489331	1270.0529809923	1288.59414741298	1406.7820666444
Os02g0137700	130.573044650141	63.1325578733668	65.7497683083291	53.6488271548493	55.678057465611	154.79555324354	219.522206425744	81.1178655779268	51.524871849273	86.7427988717717	55.1425252104049	272.694932901906	116.362260445508	48.8822526596901	45.563215905684	12.9110006065066	24.0474662051179	109.915563084326
Os02g0149750	0	22.9482762646371	0	0	0	6.41533398857647	0	0	15.8679157063575	0	0	0	17.3853129873445	0	0	0	0	0
Os02g0161300	315.64914579208	232.746651618897	244.34934158556	174.613977668491	178.279770331868	203.632373976783	320.401638400013	301.486137398185	292.182712878666	285.149927408528	210.970376543422	198.759264399076	345.377481414486	188.993138811286	322.684076359976	116.944542583778	167.691108782539	122.899779554887
Os02g0170900	158.714394965012	184.156510595013	157.720343820791	113.969595743948	144.309420136669	152.327512588193	188.644531461123	155.824311925936	169.095675769138	122.974212954873	164.315579495298	165.069566559369	181.076046118889	126.355130428955	186.292716469301	109.584330775275	137.564026168385	122.174271102558
Os02g0178100	802.849628911332	684.348979174448	943.832351483761	393.624039865696	797.178845448372	1737.03728278603	673.229661637046	625.218058384178	646.501998933059	384.079134935636	605.609042893127	1529.8292522029	578.604480767836	486.832005158632	489.08772267571	372.315638909814	600.93245951676	1171.1900063846
Os02g0185300	725.283347277158	358.512811128902	430.220725899845	361.62975718363	442.22054593078	494.392024106729	775.220745751919	697.626529780609	382.554108693346	437.779755894308	426.389532313448	551.961165348859	587.108291172835	495.103780054872	474.331769131458	147.856105862726	141.549802204683	124.257195886308
Os02g0272300	77.582702524869	62.3957971146896	38.1157052756966	46.1328228942238	33.420522809284	66.52700305947	82.9738286401671	52.5215239248046	55.4836138152081	36.1741249573668	54.3318682960177	43.0294577879487	128.939539011897	53.1501638904923	89.3734812825833	41.7092442070713	35.4918711990421	43.6723417506694
Os02g0331400	110.511703881758	140.001233933205	66.8481252980153	63.0683674735842	61.9136420524871	99.7966019081716	89.7862986591792	106.760609201073	128.988116674394	35.6092219931201	75.9978813891471	87.8583519998317	161.162222984392	59.7648542622329	145.52035617318	49.4431427113283	69.6825865523682	74.2454583123156
Os02g0528200	136.148513295675	112.393586678989	103.311315018036	66.623771476215	86.5238212294423	87.0108934849869	166.137343417204	144.527156470084	109.977446810111	85.0470432908811	79.8943570130119	111.581912547681	123.154972431969	109.462006231908	109.16151090827	70.9631729190909	88.9447029927136	70.5350449935044
Os02g0658800	1629.55344859258	2089.42095305095	2049.08209554954	822.707102937957	1387.49068105298	2201.20255117554	1759.68595699382	1888.38318937617	2368.42443107548	1144.97184283384	1406.81612871656	2307.37284970251	1072.16391443104	1712.04653286327	2071.8133420397	801.217071114711	1493.57514062536	2011.36287543945
Os02g0671300	590.18433344519	117.745425985166	117.283964111801	216.563588786294	98.8957838274577	241.616980400313	409.382643769807	63.6702964312633	104.195592278847	189.065349492924	68.437320566446	206.189666360176	503.716670871375	81.0696036235659	70.6570656469306	88.8683067886301	83.8810899794286	234.061157185214
Os02g0704131	0	0	0	0	30.1895701109887	19.0387127860638	0	0	0	0	0	0	4.80328590907671	18.6433384092669	0	0	0	0
Os03g0145050	1803.3915763957	2209.8053270204	1875.96692130449	1053.59124433932	1204.50975265802	1167.5750615332	1842.441038121	1431.41326531272	1926.30077050489	1218.79672006126	1207.88119084812	1413.17500531391	1892.8442087832	1160.26608995806	1756.31493387944	1127.38285979386	1088.89954673424	1280.78034125171
Os03g0169600	316.563646577529	90.9435117119038	113.499248660617	212.79282906021	137.421205000986	229.13677388791	280.672376881362	113.421121742102	113.158576344051	209.582672803178	141.694208189452	196.418115132902	357.705986227946	107.475246594973	105.732842781028	173.213577978503	110.668686393247	153.068054906703
Os03g0196000	228.952911725552	233.417519808731	195.236747028138	32.4496535597988	76.315516619135	148.072700541294	314.523044851715	464.588857360201	472.562451691584	179.243691236937	102.456521906496	127.906317810592	151.953428710493	180.280943486284	399.920630654658	19.8847273270418	49.6704269004705	34.9798884781809
Os03g0242300	1865.41194643467	356.256671424006	559.239330241649	720.445303740679	623.898151374909	3058.92627388096	2109.98201032202	481.456818091554	367.778437999977	770.182082947878	453.687422199253	2926.8542495823	1437.33220336206	520.299447522889	401.659197276804	602.803295810137	459.77257292353	1786.4752696335
Os03g0242350	1002.70710230782	223.066090745107	177.708653826035	273.598283684967	174.605161539831	976.444381276924	535.530874908021	184.658696792302	121.579133868949	293.553558267838	109.946910348037	826.56846853959	486.540980952529	108.967334909212	146.251799334221	144.594943187015	90.4101808166556	371.028351272723
Os03g0271350	0	0	0	0	0	0	0	0	0	0	3.40787132811705	7.65177313798584	7.15220379246339	0	0	0	0	0
Os03g0289100	1732.29642345371	1181.69450435714	1474.71209099499	1254.5463470884	1188.81042317375	1895.30288861952	1883.03035780203	1261.5832211546	1228.70836496181	1404.86170972075	1018.15798203408	1645.10987871788	1703.59644917924	1272.7484846303	1575.83749283847	778.007892397403	836.76621906191	1073.41837626648
Os03g0391100	110.856722494354	73.1304180037163	40.5918679737462	89.6867924605775	44.1657797379088	81.2565494455799	122.809918766974	43.5616743540708	51.0915338297609	58.2497309082219	36.0459780976763	59.9522085451781	152.545867752579	77.4327213934011	73.4960035103314	46.9224109924393	36.5689509297076	56.2038635501083
Os03g0562400	29.9490540592908	41.5653193742088	34.2256639686939	3.05087972766983	0.871741474543946	6.53049783240593	31.3418781983128	29.9759454575016	53.5625946278759	2.25623340442976	5.14379580551274	7.11225707600877	33.8351412869564	73.3365201296607	78.5926892436437	3.53195540887136	7.07524113071319	6.77906706815635
Os03g0594900	239.887489500056	190.171370042583	283.348862783301	95.5766414801636	171.241826972741	242.500696171081	214.077639079456	235.723217730662	356.207531255593	188.902698779873	196.378993553353	266.315645579453	126.837769142218	130.399691799737	180.019253495405	63.0458804462714	75.2797148285814	93.2884076484638
Os03g0608700	456.62506849606	497.56624650771	537.492407514579	95.5016141043533	95.8540292850864	136.195978211014	476.415066838007	523.272141878385	453.236480565132	171.612649398835	141.060237073244	140.213106671279	609.443498034842	542.364643023865	606.66486019518	123.961094575087	124.554567744341	148.938442995625
Os03g0701200	1798.72689399887	1726.77339862364	1765.80925201284	1054.35996037131	1200.15416953832	1845.86899324504	1651.04351841473	1911.15689886825	1888.32353104753	1296.0917588966	1502.14377663831	1776.97514068397	1597.58827374082	1580.63058413861	1955.59529199486	1022.46529844909	1022.75880460686	944.797099357637
Os04g0201800	72.4674603726661	52.3915704456247	46.6698186168172	14.8081269510529	4.27438636212633	16.9094465097521	64.2135267750478	72.5535078891765	48.067264422685	14.7129806239768	22.4505514226512	22.4622454839207	111.825422870708	6.51940312763442	34.8124896344246	24.3698696868167	18.1711860955762	6.64661005643098
Os04g0249550	1.58824972890146	8.15079432603477	0	0	0	11.423555127372	3.11111863294128	0	0	0	2.10195000552291	0	7.4989592230954	0	0	0	0	0
Os04g0340300	157.952970360224	56.2510103663933	56.3467732145969	35.4675475969437	31.1248673482913	18.4003085770132	411.229698860821	277.541343173917	254.873569160153	206.36054206508	91.8790485983195	57.3023720511992	245.269637214829	61.0141314383145	128.968523123575	50.5982575640031	28.6834540934511	6.94022479379374
Os04g0380300	392.390360179372	161.2195622826	198.817200839885	234.272559329371	163.58024100809	224.194334230259	454.009095540392	177.006230723803	127.675131727386	270.527762236018	119.500629998598	166.562630999141	364.355664337163	170.114420688741	171.878699013161	111.868283389189	126.480418711655	116.063102253521
Os04g0412100	235.138899446255	129.32931232418	218.116080763821	184.653038973052	237.183437732648	636.451146072417	413.345640088847	140.725880729455	210.648061899175	233.88752417584	158.41042176504	652.292933855569	293.262191325011	135.120567957262	195.171888358598	126.318032741006	139.408000157552	344.76959494924
Os04g0453266	3.76986636306686	13.1963253881659	0	0	0	0	0	0.973855421005732	3.47444234850072	0	4.32333540672082	6.15086521159333	0	1.17299361734559	2.80378393457681	0	0	0
Os04g0499100	271.107983042157	277.094883916796	275.444747822697	175.300134450614	210.038154140413	179.538938083331	204.990235626198	204.207099217705	235.969953101152	161.715313282833	171.39758011644	173.284985375718	273.758023073945	249.665008006257	239.042548472187	157.844680244587	183.018443600019	194.40932547222
Os04g0510200	444.075259623541	480.24532692058	460.853211655875	231.015562332414	308.736553048592	339.912817469246	589.385482203819	497.028338941665	489.847191434354	480.607400465887	388.662476044881	373.079661465636	434.520553569023	325.575313404157	471.197455418334	197.850376217002	269.238968177594	161.049426502662
Os04g0613500	262.251878716708	385.21888525853	62.9247357948199	7.06555503651435	209.629647929107	96.639613240835	155.554833345733	227.163554058135	269.973383269022	7.88875516721889	237.695828244141	248.105277685259	271.415998523566	16.6654365309805	117.741226068828	16.5695705194921	16.2033207856048	38.8989410388667
Os04g0629200	526.515151271873	597.168973279019	329.688904602139	362.71024598237	267.596020619983	288.843751935491	380.815650177726	325.323367337945	281.988091215072	187.543103517769	269.185700842802	296.036258043037	666.97783172144	311.191203389734	369.651026128159	304.461771253277	213.711742593589	225.820320516672
Os04g0672100	1047.52687498415	602.467611942473	753.660400724871	680.953942933324	656.007913658174	746.681867003582	1311.59138705878	837.255226957003	839.428337482004	1015.55605301027	612.765410878476	807.607907919103	931.251921739371	691.952342296486	733.226662152433	514.017185616609	501.41026594238	601.484633948689
Os05g0134800	4878.30336686333	5590.00218281817	5174.9367767632	2916.04508016625	3088.77505983362	3509.40032077466	5064.56102568362	4497.6904313067	5057.79847633036	3769.95903175399	3024.7166757851	3435.91138134984	3971.97275772877	3666.66736077257	4978.09042085308	2047.05604391674	1689.79874119036	1244.94775756226
Os05g0160600	515.665001160519	467.139368887427	464.180428087566	280.134612764203	267.623785019829	277.245208612206	550.589746600865	417.612931161705	486.233310186948	238.390881959458	257.585617965627	318.665529407299	543.765132579521	374.760783464921	513.462693090843	235.362757260154	232.333652531452	253.386979847497
Os05g0215000	158.771973057134	163.20104729618	152.526826143986	84.7168504786204	103.539111569699	275.674002650673	159.247037053044	140.304592283783	173.458124059755	71.8039919861854	150.458607166327	217.043714531101	192.558341307055	62.1937441832532	159.036350265832	49.0073139681597	127.546607646597	70.9348274383836
Os05g0231100	342.497589876976	152.105953305149	154.363320446931	122.843963154702	108.982135300137	131.709542302354	380.754579089815	253.134739896971	147.898208121963	183.014197896981	106.394077374376	129.549927479231	285.718100225351	220.511553809294	170.609712004304	33.2602634790046	40.9713396935091	33.7405897051721
Os05g0375400	4052.02689675872	948.942952549477	749.850007870317	2273.47440162505	737.134417769957	701.601759968444	3383.11455933858	2182.74039527848	1786.12711904231	2746.88001321184	1102.06402709954	1091.10018290014	4889.27632037299	1064.64442117144	1143.38867703986	1505.72477077187	347.598981626047	358.99955115176
Os05g0397300	589.457819252097	528.488745821841	433.704693338363	309.414931472314	356.491340358823	422.823606471873	530.773048011814	510.687081116828	584.181652446131	453.226305631741	411.848944074576	529.184515558501	597.320571968076	345.640949373952	525.294041589894	281.221810264307	277.942885365837	275.960793613698
Os05g0398450	252.459420852341	216.754053006071	222.219760412352	191.719093663357	190.806396244655	252.230373674348	367.730556458221	273.022294423061	289.07454274275	237.266249004742	231.239100574746	258.151157617774	271.405448447339	238.433689399961	237.236307808001	156.735577445055	157.952384204736	137.133055349974
Os05g0430700	509.493639561663	462.374308296098	289.952912251379	265.794824335475	255.586534969941	311.949142953382	411.121882099862	340.178136027803	371.233710541009	286.557469606282	312.322925450371	292.225601484461	504.570845917692	274.541484272865	326.539289200117	305.330058913663	305.021668602045	305.080056447502
Os05g0510800	1243.06493325106	1429.36913548872	1389.75698710805	919.551825999849	1039.73923733736	1337.68765069159	1398.64870362461	1302.59290995907	1634.075897929	1174.86517831667	1204.8584478943	1487.66210768461	1586.10967540236	1105.29199808139	1469.29027545832	772.270134474167	836.160783117305	955.741249113396
Os05g0525600	258.046577335743	247.791365406287	224.749666995616	128.160212293748	101.324111246431	163.198226153095	197.895926750041	194.677314282367	203.706861065051	150.767931097606	92.9202766303148	112.602770457955	257.939008362191	188.748837563092	224.020789777289	74.4304880255358	82.132200780774	46.2160925074378
Os05g0525701	48.0301675239184	38.4257230796498	54.0598318484098	26.9648589484054	28.1674732368547	37.3856366128975	50.7350176437344	34.4372760070305	36.2441891606216	23.5526556319246	37.7125208337839	37.8253068500405	46.1619409201282	46.6270772441393	40.5967890501808	11.6488568561801	33.7315933158178	22.0600066480431
Os05g0561600	1054.26001209167	519.301615806415	576.722361060872	491.44406979246	532.255176005084	961.415908301174	1264.17431491059	619.253074218178	626.000861881087	804.426767015244	507.274398912819	1051.52894088411	920.255996157697	536.657115392702	596.324470864927	454.342205857748	356.1936504785	465.364637722917
Os05g0578600	103.422828790136	67.2691672516655	158.357862873027	53.5045775344646	72.7735404555247	309.665229625704	228.72173296067	207.622251170718	197.192272061162	103.28801191626	148.865828572938	465.321114041613	91.4946235399479	112.88754889977	134.602354286457	25.5756699684367	61.6485105366667	115.908075282022
Os06g0228200	1847.53131483821	2046.99683055832	1911.39277470623	1066.00434616257	1063.00817270323	1155.36725609486	1617.80284601513	1696.89824686265	1942.3309734261	1206.42219125049	891.387195040605	1265.17249791394	1947.39529428664	858.785971365538	1781.97425965261	1024.3819576982	886.084058082553	585.388037552534
Os06g0306300	2104.94573320836	1888.68011035016	1694.34336637189	1129.92184811844	1031.13390109414	1433.84237103663	2207.51977145308	1339.5929616104	1582.33124281916	1559.63373296071	1026.46987708152	1334.1194426662	1903.76042728838	1476.72243676682	1563.20692239357	843.47738211756	584.763287000406	531.476703574696
Os06g0562200	273.207855689071	107.949515968343	109.736949872438	116.716097391255	106.053079479895	187.577223933695	183.236141287758	67.123059805097	68.6281096782899	94.7652329584586	54.7009039752207	166.079610808226	181.90588729526	45.9053668437028	70.5158564895455	117.864739524517	74.2394772354633	153.083632183327
Os06g0661800	215.675339580005	112.149204034546	176.334155657353	85.0966500954904	84.9543902958502	250.489637290539	219.09973125313	156.935222201764	183.450579715272	163.561703544591	102.397140764343	254.809592664884	166.829803121571	112.811273339914	152.844182100118	79.3193778083827	97.1650379761257	136.240534934332
Os06g0662200	715.058746895668	510.299185421427	487.336130418814	380.654467909811	399.504951827103	436.556431250932	660.960536703127	642.899146953352	528.907278625883	437.971271286609	343.622629471938	502.228693656253	580.585221878141	580.816250579071	492.936832629213	352.964610877305	355.193378507083	355.831019595266
Os06g0691800	473.263677831021	205.248352155818	262.508084671055	293.531942584565	224.026156108459	232.329510399253	600.434427550766	370.713863996579	331.348146281137	480.915693714819	283.461921160235	344.389020286251	484.246701229379	245.351025438747	309.115981243572	158.676842790278	145.464929720075	140.216161793442
Os06g0707733	195.50313454308	181.186429919656	172.429423695107	102.359867875478	108.848674350688	108.439490522753	211.47477250075	155.199296419635	191.790132966151	187.286620133745	142.866474636861	128.750968919471	208.050642186605	139.996383508746	163.965294962742	78.3166505416753	87.060848715726	87.4867303049208
Os06g0728700	198.953507976775	118.8930197866	90.458549471394	98.459391984879	102.956376116464	178.922656523167	277.06650452912	101.153164118079	104.19506147236	153.269381392422	67.3048639890011	243.249759740112	151.125201080311	59.1958570144844	52.3902734454284	41.8979223514717	36.695917862573	142.753403644629
Os07g0162500	141.268353690546	162.390971145705	165.854112851627	68.2594887454195	91.1906166081872	99.7317877908339	181.000011618289	134.737045002398	130.894218435472	104.61939784395	150.508046887061	123.032451063491	130.014771479222	71.447173980849	86.9815424630626	57.3235260139159	96.2595891305224	69.8585152073936
Os07g0429700	25396.379269459	10167.8015762577	15508.486659238	9272.32101162352	8982.92368207265	12025.8474509065	37829.6164219672	35176.7610376734	34391.3556307061	31497.6876949622	19162.7549408121	18069.6039425218	20526.0583348002	21854.0017201482	22795.2014379248	10039.5394980812	7366.45122511458	7225.45599195946
Os07g0471900	724.185769683329	248.097521002455	215.523966494812	566.269873468605	236.928633510105	322.455674545377	667.543471928733	195.555160375656	142.581602796195	342.870032019318	262.387165337817	288.72801145327	764.46836493418	245.615451513596	162.542792228552	365.902515470716	228.873511382237	556.428578279767
Os07g0481100	161.829452905271	238.530924918166	233.120763129131	122.127330564944	128.018677853324	151.991913830101	195.492716940975	164.026131837174	205.694787194566	96.2136856447668	154.163371047525	147.867042204986	193.099530492891	179.5463935793	243.750424042886	121.409488332329	106.208176535776	113.739178409796
Os07g0555100	41.2183591974775	45.3454654270395	38.4145927943931	15.0579555706268	43.4688144746958	20.5601433238535	20.2918577264494	20.1824690311339	23.5436660819951	6.87430670595263	22.2246128742411	26.477108282034	53.3172045250383	53.8059488322081	55.3812974104512	22.7133816895087	31.0023274610726	25.5530740155909
Os07g0619100	242.413508993942	212.299393060526	191.191643916183	150.258569045221	175.201876129214	235.019142667302	297.436368657758	221.708728393099	205.632413971977	235.776833695503	187.089360113977	185.75260099043	260.410787143102	137.495835389199	178.470745313712	140.591501444018	130.198809913467	167.477100651767
Os07g0651400	11.8102268116773	0	0	0	0	0	0	0	0	0	0	0	0	0	0	0	16.7554729151965	18.8729927509085
Os07g0677100	222.906717578503	307.022385427826	263.800520896067	79.092726280689	96.7913717551788	131.151766812475	435.096872390572	408.354271972688	491.471097643158	260.550884928055	169.378354038891	216.895260174645	366.016700183954	245.635653869509	373.589541623717	78.3915241943962	100.252191653561	36.4890787960415
Os07g0685000	684.900799644055	449.440270776808	445.763373916048	423.486490911814	466.264638033112	599.608929771897	752.620666796046	544.452172816799	532.602259111919	609.838290102947	502.812608597775	655.87343069311	597.192152210867	482.236464855792	464.59385992529	328.980355060575	317.703376467136	379.444277537142
Os08g0200100	439.874995455728	455.958527081223	515.099305580126	287.844159254649	432.448830734841	391.325672286714	522.5543693993	641.313797981428	542.58228654597	400.57815038578	514.573221198044	507.873188113744	478.681824452127	416.571939637963	453.563765160981	273.857678354539	341.180406327536	472.271698971584
Os08g0246001	109.588694070399	56.6968686917199	79.0660830698241	0	0.872654400556311	5.13268589735163	47.984593021792	103.316179466367	50.0752081821563	2.42844084392977	4.03450052939746	4.12818755630116	81.0792320037928	99.0676667893567	56.3332607563228	0	0	0.898772771762877
Os08g0249000	224.131979439688	57.9779927949419	48.8543500526317	119.868607305737	37.4455739225277	322.422888126181	303.773313423524	27.8706973137151	46.4375799977406	77.9360792072628	66.9244084616974	302.921856895833	267.843202386456	35.5270674472411	41.9298758465815	87.4145371720663	66.397539299078	185.514946412262
Os08g0250900	1680.45081459184	962.159361472567	1251.20486678886	1173.85848961945	1026.73622657492	1595.61110592107	2109.6924175348	1179.36397022268	1261.76217601787	1547.91924616767	1080.66734057981	1359.37712310063	1577.03115374823	997.10058350271	1189.6220725609	827.89906721862	895.930121739714	935.954776240739
Os08g0332150	0	47.4824638968985	69.6660182345785	0	75.6930866827412	0	96.7465194358126	54.0003485904869	25.7275343077397	0	0	49.7145339115936	76.8788521753701	23.2500888657726	0	0	0	18.3176774556314
Os08g0392100	199.672279881939	96.9816314326982	119.361929352767	86.5511734270431	100.893450601504	168.903468920941	235.706341208057	105.203871698518	80.052637402715	113.820948578803	83.4813217692742	199.139290369021	181.100039468469	75.2915261303128	64.3718070002698	66.3562841398522	45.1834825437367	108.520600360143
Os08g0398000	824.807863035482	599.139241020364	755.877531204409	522.166396624278	453.295393755685	749.696034618535	982.228581085958	794.84300673376	812.626828421797	694.005486468818	544.441774696321	679.453465916357	771.109188935453	785.646417646758	893.966740677301	315.087860684286	347.920356405856	411.120675461981
Os09g0347550	1044.51196482355	979.572872316164	872.857022450041	746.023547321657	642.724468477344	741.897933090506	1123.81091707895	858.695569704464	1021.36858741133	924.373394457239	764.465455498958	686.249385881354	926.662437091616	729.585601648763	943.315017745197	420.151247513793	546.834550987653	484.595135685994
Os09g0409100	244.720002613687	393.169750349081	277.622617761495	58.2817796653137	83.0140873449915	143.55832624235	328.358147117002	507.148698251151	487.631464243722	189.669920578026	211.060061801471	163.986550032516	183.455784268378	183.927702218149	340.577887377988	13.9906664930285	49.8185315205579	7.03650680309776
Os09g0486700	608.628889916027	325.177890353203	459.632113624111	311.356261452471	336.278292672213	466.558768551214	561.273803242619	396.373269174296	337.846145707306	478.614078364243	339.498978384647	443.502522707821	599.947386923485	287.881457006476	345.996997245619	295.8841570022	243.905932644378	276.19177405538
Os09g0553900	254.54620390745	68.0457245467445	56.8406557804994	120.220845934193	78.2489795593227	181.336159834631	377.666219653451	140.338690863421	63.4003723785644	187.992065710511	69.4191505897909	245.6240692152	149.486736967582	33.9424737305	45.2881941144255	42.4540880005923	24.7722953298325	40.0235920300481
Os09g0557800	2068.30426301254	1909.49784206298	1895.60850270272	1297.23564927817	1467.07909181744	1558.14879526039	2682.65444946416	2340.43353762465	2642.02312714277	2447.1280539454	1755.6656668745	1682.16996434676	2199.34649752236	1546.82449606387	2388.43866854215	926.05773038642	1125.55039472335	836.720538723304
Os09g0569100	372.62006082177	225.351262989405	293.371977336374	253.992595790016	248.049701949591	322.527873628573	418.926985256701	326.949982190789	314.182487067657	355.256605969201	251.938970843037	355.765011237299	403.777774297036	250.474098791608	325.495130617266	155.330499764296	231.385947022133	204.835581277817
Os10g0100700	298.608678524103	91.5075392077741	156.018643457322	107.261857625398	87.872582898046	333.509568913452	559.204610051998	160.212553583615	159.192960512049	270.038684986534	143.712877437312	569.187835167731	212.362683220001	58.8706770569922	67.5525685169152	71.6231594532281	44.8248411030966	110.219226760718
Os10g0140700	932.21414062198	537.341622424544	600.531129403048	369.725945972325	493.098728429867	1771.98778548296	874.584016502006	420.277028512275	454.057610022727	420.796411469986	401.853696683628	1641.06736946627	702.086216005012	352.306132050363	459.005867471612	360.009459931264	336.790770805175	683.190434843077
Os10g0171500	1897.41835616735	1270.37378877547	1421.59555338695	1189.39974808549	1557.99655571164	2493.54213567343	1954.07854858213	938.057128275152	933.146943528147	1239.66127907645	1064.73984411461	2240.6960638153	1727.30436234186	1034.67476216014	1063.09802622624	911.41750994921	895.658512660279	1760.56940103804
Os10g0389300	126.278852385482	188.530280060888	270.410801737503	48.1459645545615	49.4734980943151	113.466952746242	455.322854260854	336.061581518779	277.098657495402	65.3245605584343	64.6639418450473	127.382521699452	70.4029128321299	173.281438559538	111.471344607231	2.55930442561904	41.3399246148627	12.7455334071272
Os10g0403000	318.929685151349	472.851239392743	640.813152287211	196.819585755733	585.75771806839	941.86091382503	376.361140825591	531.703852224198	649.54937465776	165.847107092861	405.04738888162	1193.555674021	276.653811659182	696.050867224128	643.407594433091	102.180237734816	338.360365106122	539.348560531547
Os10g0406350	543.397222187452	189.142225831724	208.810993005442	301.560545610031	192.861879171775	393.194892347778	591.187169993169	180.884990627429	133.070624105083	242.939537497388	242.923114205938	451.807732056873	606.435131497112	232.508079752784	116.580731504206	297.239924163676	304.933863011576	574.89487203576
Os10g0431000	520.485480647835	457.478295351241	417.878589027337	382.255531182568	430.408210439468	470.775430819317	668.744516637785	511.737019415709	552.264939849434	517.522281233877	464.183249254816	506.608971721911	649.964617357457	405.626261714813	571.569752014519	327.496705873755	361.522254969965	319.952183801608
Os10g0454300	346.513463534726	1010.61818506237	559.02787919214	179.268991972776	511.209886298225	367.00284591689	220.857694826685	322.516118760474	264.770288377779	131.839878506299	119.062131912956	180.072331317582	310.867202629412	604.86894306034	462.348039144254	153.888158711362	209.272055333091	198.383312642379
Os10g0532600	459.269820948292	342.177440258384	377.113549890966	248.945706392164	338.966219701075	496.346654360228	600.001386194566	278.618640433092	333.695338879599	373.482427121556	368.825581693209	395.197688620221	466.550452397293	257.735827986407	291.365346128764	351.745602683367	314.451844181831	279.454330435956
Os10g0555600	3234.83750011696	4738.79243249228	3880.13508886219	1806.17841280032	2808.65524478243	3865.69252505495	3425.60392005757	4282.9653740427	5566.71010148925	2269.36954823762	3589.01282520053	4966.18132809312	3312.58453672012	2955.41174021912	4874.17720866247	1690.43591362811	2811.25218897352	3066.04218694776
Os10g0578200	437.050612332732	558.140009234197	360.982592302328	259.088032389586	205.170929031148	289.580883919645	381.938281374203	476.221084296511	472.028736209553	162.140991058596	275.364158185519	391.559058223014	742.801604466089	294.553219429298	581.697470930108	117.162410923245	225.050568491622	174.027291086079
Os11g0104866	748.23103154606	712.961567698656	754.52791252018	320.404590633961	404.75961286431	405.954977824317	1178.84364616892	1126.57031823121	1138.7562771823	1031.09134428307	532.519585661264	533.572255198176	978.963911060477	531.936579520644	946.76405725622	210.247642430917	290.917081569025	151.751324731754
Os11g0118300	697.632709913047	401.233614224481	560.100028238359	420.941649060226	499.59650791812	974.151937539326	922.363649119245	699.515679155987	681.656056667947	620.107638682609	396.999592648641	987.399224888864	647.560486891039	511.746821914681	585.784225759141	221.056806817635	249.014121372908	633.292079928787
Os11g0120300	322.049962536985	212.140739415582	183.381087393605	160.76823177373	180.026689175148	539.519977756156	213.488028348637	164.606203650523	185.645977146786	97.5458890132557	110.958516579356	505.097775167164	255.535013517092	200.823690199304	196.734531250749	138.639232235967	213.085439030477	633.347213214717
Os11g0129000	710.814348528532	572.438411523105	845.063629807952	476.498614843049	549.891640272237	925.577712340072	964.439520066428	748.399809636874	903.996560627745	734.076553438905	538.101598667262	982.190695805545	613.602233851488	556.806792193783	858.164879094143	330.185573531987	348.69759831897	619.431209452356
Os11g0182100	346.564460023607	128.818525255446	182.450439730358	268.194685025077	132.475748758171	331.06991106517	331.71326468101	135.388173252547	134.084973291615	174.12777559457	160.662868230013	347.857187074303	382.047212312183	209.554627821775	129.785813410594	182.545738765431	147.803653683691	499.844151893077
Os11g0427700	1167.82529995798	1124.44409621367	1208.86014987573	684.665811385141	915.308328422152	1355.8231046986	1209.86892634951	1043.00772679293	1130.84858380181	779.429911310997	668.556619389116	1511.22171349458	1065.48262544964	617.06021883483	989.081760189395	604.559441669992	584.301834444741	781.175282406782
Os11g0557800	2324.66799310022	3577.71044997542	3256.9071115381	1583.18177115766	2152.32542629433	2338.46311629509	1912.73274413498	3205.9579777148	3419.13159132115	1403.54683110911	2924.415011311	2984.20975988571	2502.04382773131	2437.96712220591	3443.65804332426	1488.63852356252	2109.87407203006	1830.65649262737
Os11g0566800	22.2145399765262	23.4979435432769	44.9100904276626	0	3.54956331556404	0	38.5962360050737	60.5283435917616	73.1139890206039	7.91487299318055	21.2439371381623	13.5255413591884	12.0835494559714	21.9120415893746	12.7620911710856	0	5.71511919641499	3.20502528716555
Os11g0632200	274.166956352655	294.272374766423	232.191579593111	131.633884094625	136.007831434534	173.937322206964	254.315729773391	257.947947607001	253.092890049257	160.425919815221	172.855503973415	192.272682040075	244.044330478997	200.996388998109	231.020703171683	176.347122676561	197.081267806069	179.934038400843
Os11g0643800	1610.56964328829	2035.33093549289	1699.45972213189	1086.86161059756	1233.71473914612	1309.51260902748	1511.90328369405	1216.67689659033	1806.69490878543	1048.93738703986	1096.80361955198	1328.06736615987	1476.0308618674	1150.99321303874	1586.7811566944	905.140535659736	983.623319043865	1036.35315361474
Os11g0702100	89.2939864926978	33.2409923827417	94.5060755690596	26.9042820260514	52.0510880890376	45.6511411046935	139.790036727493	113.325342077231	147.378801513987	79.7171631710676	58.8247464266247	58.2618360494107	86.1315110421702	59.0486007381074	109.804667114223	26.5700067619114	13.3966665485069	17.0663489320372
Os12g0102600	296.427648994773	175.819883776207	211.873572667925	163.591386330995	255.130950223014	587.757852587098	493.926803573974	207.787734461755	235.803880838248	275.876607422965	237.545481840648	489.019739535126	334.170311130625	160.838578598588	180.969598427974	202.331971167452	231.964749524626	331.71111146051
Os12g0120100	328.980373662387	105.504211765955	44.6890591107071	90.5294532827424	57.4348402865816	265.386260086003	244.746717763683	121.405726051935	83.0650488926444	68.0300074781854	84.2489720993274	223.198147267525	276.668448159942	137.530010378105	103.438231274899	127.816539987695	116.933508965925	334.980782374321
Os12g0163700	436.736750033738	469.619900440883	464.229154790697	294.828563619246	293.6883291281	354.510842879359	503.823886755941	530.061175210239	567.535839153515	319.246698077403	320.432482790868	378.493291015375	550.716018980395	278.556981062927	561.139112687589	310.937584089574	229.261956662843	217.810019051844
Os12g0431700	295.800070695136	280.293721846562	190.926780165989	166.529371356508	151.878158221805	118.148414412173	154.108913918712	171.50801866328	177.315244827629	103.752056292013	217.529850646872	104.109415352977	296.348653991391	185.979706468612	142.824471588869	104.660745286751	115.666743270115	76.9985142753857
Os12g0484600	279.201132914087	492.105827745799	417.253264127937	195.566561898396	283.982965980498	385.063001330272	201.575920105747	336.436855808501	314.565857727561	127.63686256726	224.925053911551	273.461453947443	351.475002773508	320.644474929246	468.825031257988	80.51337236517	180.756938846646	215.088299969296
Os12g0587200	230.134683435523	199.714923737896	169.934355408446	178.266585896404	134.336525814575	214.131658617985	253.5771701695	199.757925708357	147.059004932506	123.56736670082	145.634554452269	142.742788091427	249.182542894558	215.629883686834	252.338112230458	133.438500775495	134.433626653482	156.609484416672
Os12g0624050	323.830011298479	359.98003516795	338.864570671559	164.140222825014	171.088944365775	145.803802071203	401.379165824516	407.896172395536	420.152358733226	338.707406781316	244.83865379721	287.882126159109	389.081524814202	221.121496945885	396.078884775241	99.8764324113268	143.940622343993	62.586296714831
Os12g0626400	329.404015490898	266.007984259145	368.312239819455	221.945061054164	233.212573449777	707.680755120526	396.052839595892	295.207498242606	288.121481924869	242.722914179115	265.761694422369	722.341457968159	361.402558298861	297.456745382946	328.165127039665	156.960369230752	267.145221554395	546.601885783399
