baseMean	log2FoldChange	lfcSE	stat	pvalue	padj	weight
Os01g0126900	2374.35579876616	-0.746817212857571	0.220836936624913	-3.38175861461991	0.000720234025033627	0.0220504621413857	2.23225597618304
Os01g0132766	3710.68254197014	1.73051577766455	0.189288430038407	9.14221633785762	6.11852893009057e-20	5.25359446099778e-17	2.64442409702577
Os01g0135700	209.947337322313	0.929676784475341	0.253722918677607	3.66414192821357	0.00024816915271995	0.016478011321555	1.16051998648671
Os01g0149800	2809.24323483457	0.734706025583436	0.171742282192191	4.27795657659452	1.88616802837813e-05	0.000825301672792371	3.99176471457815
Os01g0164075	44.9605272409666	-4.12795409675478	1.05151416067253	-3.92572373358682	8.6469354681198e-05	0.0107466661557343	0.712897023014696
Os01g0170051	647.763901834603	-1.20364732676627	0.372893242466365	-3.22786038922343	0.00124719827704128	0.0379066876767138	1.68318038829918
Os01g0177900	120.377406987985	0.789987826665237	0.204145369913339	3.86973178476001	0.000108955153155087	0.00996620391947511	1.0063479701655
Os01g0179000	2176.87787962869	0.756348324746176	0.133438715392524	5.66813253950549	1.4436227905789e-08	2.96472016947224e-06	1.99813037520914
Os01g0186950	83.2266454159213	2.48171940431774	0.755686229423486	3.2840606427499	0.00102322902375411	0.0453225384471808	1.01309166190385
Os01g0187900	298.469158717107	0.700702810546062	0.163197330263732	4.2935923609394	1.75805130114215e-05	0.00211585827935243	1.1840743146758
Os01g0189700	150.822811710064	1.27805541379056	0.274490647022096	4.65609822285741	3.22258236422873e-06	0.00131083014985857	0.391269255012807
Os01g0190000	262.026799812813	0.700542153244224	0.213826333180111	3.27622020555411	0.00105206497511207	0.0276265406692162	2.28349262014454
Os01g0191200	118.857880361111	1.1729998096539	0.32097896509539	3.65444448767944	0.000257739419415998	0.0189640668707734	1.0063479701655
Os01g0191900	810.199372141655	0.660209112511158	0.131683212517713	5.01361638957855	5.34164310089925e-07	8.44434810537104e-05	1.68318038829918
Os01g0192300	852.689349192432	0.986475742867216	0.173086585629317	5.69931944339036	1.20286645941058e-08	2.99031668966989e-06	1.63099577867261
Os01g0192900	477.086840818572	1.20115097830028	0.245711498263883	4.88846060028619	1.01627531379665e-06	0.000153784068182853	1.63099577867261
Os01g0202500	346.104727069447	0.678564145785015	0.167853515812054	4.04259715682575	5.28623972201055e-05	0.00299006752924153	2.27222783471531
Os01g0207300	41.0294175960545	7.40198650802472	1.22832164430968	6.02609792175783	1.67965441697705e-09	1.09325812253412e-06	0.706892684523607
Os01g0207400	583.944036853323	0.783356953393199	0.195959237328798	3.99755053179154	6.40013311569915e-05	0.00464061537670382	1.63099577867261
Os01g0217000	348.500498177861	0.594509925075999	0.181496198077411	3.27560539214397	0.00105435766394452	0.0341484476240302	1.64568999184298
Os01g0232500	435.662571766924	0.632861944351762	0.1761095766631	3.59356916496618	0.000326179013109758	0.0260501615716725	0.783932348973931
Os01g0234800	161.309301982023	0.58761066685323	0.182229971248249	3.22455555926493	0.00126168372104743	0.0480540672088519	1.13915437899261
Os01g0262401	21.134394884385	7.88574430756195	1.2553118551401	6.28190060921702	3.34458656575614e-10	6.548594845886e-07	0.248501017664121
Os01g0276900	35.6448522731472	1.47532646413054	0.445283187914281	3.31323190314239	0.000922244768986634	0.0482263654946955	0.828649769479635
Os01g0294500	258.199501680292	-2.30007311426077	0.698567477759772	-3.29255682162136	0.000992808338912783	0.0318081234803105	1.77177271690577
Os01g0306400	67.175460678776	1.07239943603074	0.320257477794353	3.34855393047018	0.000812344689873698	0.0405627751131367	0.987996612187258
Os01g0309800	241.54182923479	1.96129684041742	0.241459726514993	8.12266653625831	4.56051084403592e-16	6.08373208270534e-13	1.16051998648671
Os01g0313300	125.383484811658	1.38954141495413	0.347278502462139	4.00123072721906	6.30138762619384e-05	0.00617020829794393	1.10774198098823
Os01g0315800	1438.17911108121	-2.72072980340442	0.105780207083293	-25.7205944138687	6.87812289300117e-146	1.06213359390723e-141	2.20557930712798
Os01g0315850	64.904688179929	-2.23256082302431	0.468515266358502	-4.76518265963181	1.8868264144103e-06	0.000379838190120605	1.01309166190385
Os01g0318600	226.8520446807	-0.760852129039084	0.202929256772297	-3.74934664986636	0.000177295872119578	0.0148114480598053	0.977680474665512
Os01g0339500	29.0825348672442	-1.57756758130767	0.467094590459141	-3.37740494865711	0.000731732378954326	0.0424975366972956	0.808123485487072
Os01g0356400	2506.95725834742	-0.594504724575054	0.19456272596729	-3.05559413612967	0.00224615080000444	0.0454943065417069	2.20176916511122
Os01g0370000	424.309415947693	-1.40232059359438	0.400076339176231	-3.50513253665989	0.000456380026956118	0.0323459165483661	0.783932348973931
Os01g0371500	2697.95680288831	-0.927363476709358	0.301244949551696	-3.07843659483564	0.00208089805628057	0.0394132890556687	2.64442409702577
Os01g0507000	519.857918447953	-0.639507834709092	0.173667748644753	-3.68236382229634	0.000231081310085124	0.0119560767507848	1.64568999184298
Os01g0511000	932.245782235714	1.09137196363451	0.209956757282944	5.19807972726377	2.01357769005535e-07	3.57408411795491e-05	1.68318038829918
Os01g0533900	276.267799149059	1.45920886904044	0.337081076397643	4.3289551719571	1.4981842252638e-05	0.00133952444302468	1.77177271690577
Os01g0546400	96.2437696064052	1.23241601180476	0.293124692848507	4.20440871026073	2.61765560878907e-05	0.00325707171985674	1.0063479701655
Os01g0587150	63.7618265681558	1.40240520501733	0.41004454336803	3.42012892916031	0.000625914631928721	0.0360363932004682	0.899041596849063
Os01g0597600	26.4644137492397	3.19835951061204	0.816684882533904	3.91627123143088	8.99290699567026e-05	0.0239708181383237	0.247347577385069
Os01g0600900	18246.3528890966	0.799018786793745	0.131297468385637	6.08556125733456	1.16083929332592e-09	2.73339425319176e-07	2.23225597618304
Os01g0603300	1266.49937649866	1.6181278960434	0.197079085393862	8.21055107298462	2.2017562836118e-16	1.63948857856832e-13	2.17807809220891
Os01g0609000	133.829055236041	-2.06317785273925	0.585485086070971	-3.52387772434081	0.000425280455981368	0.0474610116739807	0.391269255012807
Os01g0609300	550.524078121092	1.38937034721733	0.328735596468146	4.22640676015735	2.37452596110829e-05	0.00248320799924156	1.29754370384622
Os01g0626350	14.0976938283047	25.1825808651112	5.13600908583294	4.90314180607162	9.43158458463689e-07	0.000706801106906421	0.245667443900974
Os01g0627400	377.797430716732	0.661943381458079	0.180698681327727	3.66324411774502	0.000249040987598707	0.0100347811880262	2.27222783471531
Os01g0654100	833.024445746355	-0.698824843192022	0.170299429416546	-4.10350666227263	4.06934728836749e-05	0.00313570010050297	1.63099577867261
Os01g0654650	442.516954969511	-0.877816210019013	0.276581669559764	-3.17380472616366	0.00150454876087698	0.0426271406066307	1.65127946106027
Os01g0678000	20.1991054263752	2.84089635726728	0.778399720227378	3.64966261349301	0.000262584968997873	0.0464378261001556	0.248501017664121
Os01g0685400	160.566828186473	0.851374354980142	0.25133908769404	3.3873535660181	0.000705703781270791	0.0336203847511713	1.13915437899261
Os01g0693400	745.172907334679	0.590865527471262	0.178467870468056	3.31076695161788	0.00093040659963958	0.0321248852912499	1.63099577867261
Os01g0695100	3934.85339429496	-0.800668615128049	0.219238575021473	-3.65204259811317	0.000260162715057615	0.0104735460007955	2.23225597618304
Os01g0695150	2678.18477959792	-0.756234308424746	0.209516199980716	-3.60943119670149	0.00030686915103777	0.010458164666832	2.64442409702577
Os01g0699100	121.591652862945	-0.811208098801955	0.216087300083113	-3.75407577627164	0.000173982229443456	0.0271410635471872	0.391269255012807
Os01g0699600	63.6615912145745	1.72476351169573	0.43485342205881	3.96631008106099	7.29938878995848e-05	0.00739148268950408	1.01309166190385
Os01g0704300	282.416622896024	0.941000448039252	0.211622657536253	4.4465959316197	8.72417166587071e-06	0.000706801106906421	2.28349262014454
Os01g0719100	1276.10174451413	0.607902134246806	0.149839174582354	4.05703071937768	4.97005470039604e-05	0.00313570010050297	1.99813037520914
Os01g0720500	5756.38197090618	0.881477292869692	0.216491319409986	4.07165190397484	4.66809043960142e-05	0.00278609817609284	2.17807809220891
Os01g0733200	115.778143918245	1.38137197627952	0.283104261892617	4.87937541824603	1.06422321245754e-06	0.000327083308796205	0.692606008513783
Os01g0739500	1088.09034169771	1.08914513161522	0.253224151406732	4.30111079675736	1.699440554505e-05	0.00134047685839305	1.99813037520914
Os01g0743800	140.158013553467	1.35827323906601	0.206477965027955	6.57829632756267	4.7586913492251e-11	4.50017944131831e-08	0.692606008513783
Os01g0747300	555.859354779519	0.896843740309579	0.199511963210299	4.49518778663035	6.95085771809778e-06	0.00092147404360613	1.29754370384622
Os01g0754800	1200.01322292443	1.16277125953041	0.30823820365485	3.77231389796324	0.000161740596952078	0.00914191639641622	1.68318038829918
Os01g0771000	502.495129430788	-0.886306843978632	0.199534125325727	-4.44188101925819	8.91758684959335e-06	0.00092742358443695	1.64568999184298
Os01g0775100	1151.29532395076	-0.767603310958611	0.223736176253971	-3.43084128731724	0.000601712537433256	0.0211473227097489	1.99813037520914
Os01g0775400	780.538694257447	1.00096220310548	0.308091197895014	3.24891528853924	0.00115845971537746	0.036258249657255	1.65127946106027
Os01g0781600	94.537908189745	-1.09244515084349	0.311640055295611	-3.50547091838767	0.000455800293459097	0.0273797118599529	1.0063479701655
Os01g0816100	106.375818163409	1.77009142740464	0.357708858333219	4.94841373415399	7.48207374889248e-07	0.000314047821165028	0.516842763717121
Os01g0822800	581.913246531522	1.12000198844441	0.195020313329442	5.74300168697006	9.30127999223435e-09	2.35263179052085e-06	1.68318038829918
Os01g0823100	1162.02517914812	-0.759111666302772	0.177533590289714	-4.27587627256335	1.90386943719972e-05	0.00167736281895704	1.68318038829918
Os01g0825500	122.117277097737	1.3375714165392	0.214445519797371	6.23734838481618	4.45050100168163e-10	5.61456328677513e-07	0.391269255012807
Os01g0834900	101.022747132222	1.45839917231871	0.308151057493472	4.73274109192243	2.21507959887521e-06	0.000772326586995113	0.516842763717121
Os01g0837000	292.303930569615	0.616111185183235	0.18430072317388	3.34296672619109	0.000828878380107713	0.0294009652736221	1.64568999184298
Os01g0847700	357.041242605639	-0.637906668336915	0.188697357075827	-3.38058083177379	0.000723327960542068	0.0219033262117183	2.27222783471531
Os01g0852800	24.0173451734239	8.04044121267443	1.23402364417317	6.51562978605788	7.23853043647767e-11	1.65936909425907e-07	0.248501017664121
Os01g0855200	255.492959368589	0.809543423622431	0.225049182960348	3.59718445974127	0.000321680366470582	0.0171713973414234	1.43602280405446
Os01g0858900	1554.62887477127	0.923321735944672	0.126120735023891	7.32093525913696	2.46248627672414e-13	1.15430343027795e-10	2.20176916511122
Os01g0868000	145.098219857893	1.6110463236328	0.329466711227435	4.88986070134617	1.00907359613961e-06	0.000513668461072074	0.391269255012807
Os01g0869750	24.0173451734239	8.04044121267443	1.23402364417317	6.51562978605788	7.23853043647767e-11	1.65936909425907e-07	0.247347577385069
Os01g0871900	511.590930980781	0.976209561562809	0.248450974774137	3.9291838659529	8.52346506481341e-05	0.00574521217903225	1.65127946106027
Os01g0875000	665.040613041715	0.711622889728706	0.220920177434707	3.22117652625472	0.00127665487386816	0.0389537576492139	1.64636584705379
Os01g0905200	270.787533602084	0.762266468665455	0.222229218795836	3.43009111401214	0.000603378601462955	0.0227427831660168	1.77177271690577
Os01g0907600	122.080420610857	19.6441856173162	4.68850518488502	4.18986112687811	2.79125230185361e-05	0.00344772207077738	1.0063479701655
Os01g0915000	1414.68276816789	1.10757729782088	0.140398996006757	7.88878360474585	3.05146106298942e-15	1.85762425061046e-12	1.99813037520914
Os01g0916100	473.080882069412	-1.42759487663696	0.424418604862788	-3.3636482008099	0.000769195251631607	0.0285605421312436	1.58151766330056
Os01g0940000	301.997777690842	1.67799844299209	0.264813019850222	6.33654056715627	2.34981333177745e-10	6.2586060650641e-08	2.28349262014454
Os01g0948600	941.381903957289	0.58922844174264	0.17319067952101	3.40219487198882	0.000668469541865622	0.0212330689438804	2.20176916511122
Os01g0952500	2987.0579005753	0.898717556324411	0.0766672953895765	11.7223067770641	9.79674772360893e-32	2.13536334208498e-28	2.23225597618304
Os01g0963000	544.138486939695	1.45002114185764	0.435823932664845	3.32708011923873	0.000877611368424483	0.0354404136044091	1.29754370384622
Os02g0103500	130.378602510565	1.16199288619039	0.246314530793695	4.71751659330095	2.38740934244678e-06	0.00100395145322147	0.391269255012807
Os02g0106100	2126.79660740525	-1.0472641504118	0.30645003075541	-3.41740592366807	0.000632209395452575	0.0205957757329938	2.17807809220891
Os02g0106900	522.874296317622	0.74854446209183	0.17991525989546	4.16053903669302	3.17497340521973e-05	0.00265496661770076	1.58151766330056
Os02g0115801	41.9006456106379	3.06205261835382	0.894732683647456	3.42231000869567	0.00062091474811554	0.0381388963537908	0.828649769479636
Os02g0122600	389.947936034204	0.607896177533554	0.132484914029934	4.5884181001635	4.46617459573966e-06	0.00067910949772458	1.22398669055803
Os02g0134400	130.174194989848	1.0412988169232	0.260730704355302	3.99377134924701	6.50305780721049e-05	0.00878244618338258	0.712411215409016
Os02g0137200	935.449435815495	0.601144180952692	0.188823274958515	3.18363390892762	0.00145438824809068	0.0419551838309548	1.65127946106027
Os02g0137700	91.555820468872	-1.72298634071834	0.348038955403464	-4.95055600520628	7.40017570883614e-07	0.000237441653498911	0.712411215409016
Os02g0149750	3.47871327482864	-23.8161342378618	5.14311001196952	-4.63068730445872	3.64453922314005e-06	0.0175495520113803	0.0156831011882
Os02g0161300	234.600635861584	-0.824301051767622	0.245771954561319	-3.35392642028228	0.000796735461104708	0.0431695197095847	0.852733381009301
Os02g0170900	152.231565393263	-0.606210105706919	0.178156986683998	-3.40267377098251	0.000667299056156737	0.0431695197095847	0.712411215409016
Os02g0178100	751.238921670496	-0.820879512670738	0.136160980152813	-6.02874268200382	1.65240131223017e-09	4.99047585567004e-07	1.68318038829918
Os02g0181300	509.857331076588	1.45366361185802	0.204972935264444	7.0919783140276	1.32208234255817e-12	7.81761583779939e-10	1.64568999184298
Os02g0182850	210.966368779449	0.914728055338232	0.182025664205286	5.02526970211528	5.02725524678375e-07	0.000109669933814656	1.17387973752249
Os02g0185300	447.444332979023	-1.25398840963203	0.395055279406886	-3.17420997768894	0.00150244956302018	0.0426536536340562	1.64568999184298
Os02g0191800	2199.38206924325	2.63947974980416	0.268136585679166	9.84378816907284	7.29125820876822e-23	1.14014719775538e-19	2.17807809220891
Os02g0197300	237.878021171249	1.41006139100934	0.391011085614939	3.6061928750479	0.000310722222147521	0.019653214847787	1.16051998648671
Os02g0226200	1109.11895873448	0.950891360553394	0.246936555302555	3.85075170174108	0.00011775583838801	0.00726456870405999	1.68318038829918
Os02g0252400	21.4663144191401	4.93968664369604	0.843533500506255	5.85594601842302	4.7430227335215e-09	6.98231312255965e-06	0.246127377520571
Os02g0272300	57.8347562467501	-1.20533081895876	0.3499116679124	-3.44467169714531	0.000571753378853342	0.039935371563402	0.712897023014696
Os02g0297666	92.0651318176426	1.09521184383431	0.30214632851562	3.62477296750503	0.000289215406511886	0.0256456118277385	0.719281673610963
Os02g0306100	12.7879892045234	7.48744608521352	1.57599344738973	4.75093731995823	2.02475892942149e-06	0.00356387238453023	0.0703639768885391
Os02g0314600	263.139543499732	0.634219929637951	0.188413300302095	3.36611018766226	0.000762362487986741	0.0277126154590954	1.64568999184298
Os02g0331400	90.3865986366546	-1.29211434921112	0.380375278731632	-3.39694617778447	0.000681423682669783	0.0435443600871418	0.719281673610963
Os02g0448600	309.375731541138	0.667851587414418	0.173251548188757	3.85480877023273	0.000115820124265745	0.00689295410713424	1.77177271690577
Os02g0466400	220.770989147462	1.43372693389606	0.333525748895302	4.29869939171059	1.71803301269026e-05	0.00211585827935243	1.16051998648671
Os02g0466900	69.3242245013948	2.22115499951889	0.682322158568555	3.255287801555	0.00113277511000713	0.0482642483787481	1.01309166190385
Os02g0467600	361.424078458553	1.22231489736664	0.298286354480701	4.09779019055234	4.17113085575549e-05	0.00248320799924156	2.28349262014454
Os02g0485000	168.631491950222	0.848153491828374	0.216734047206348	3.9133375801397	9.10291358899833e-05	0.00807606541256445	1.13915437899261
Os02g0495400	180.936246896082	0.590930611968324	0.146550637700765	4.03226230359311	5.52424784051581e-05	0.00539897836838072	1.1501403269636
Os02g0505500	75.6789234486145	1.30641697706128	0.394920020766965	3.30805456386869	0.000939465036114129	0.0435881307624887	0.987996612187258
Os02g0528200	103.411031733876	-0.932797164111326	0.190156579315897	-4.90541619683704	9.32294398037129e-07	0.000371462237410815	0.516842763717121
Os02g0532500	915.078308039647	0.85068712513143	0.189282077003118	4.49428249414981	6.98049107547843e-06	0.00062732872446827	2.17807809220891
Os02g0535901	561.515500622197	0.680819065169284	0.178577086350822	3.81246597243605	0.000137587175838016	0.0081434684966104	1.68318038829918
Os02g0541500	139.04475500642	1.3318283477362	0.266475065395757	4.99794735300367	5.79437987977369e-07	0.000195083152223176	0.712411215409016
Os02g0555832	281.389868440901	0.613347922244667	0.182436254481323	3.36198484225875	0.000773843713658411	0.0197040219644361	2.87658569010505
Os02g0557800	5130.44080675791	0.841107433772159	0.128076681528932	6.56721757412304	5.12641168173138e-11	9.5087319689241e-09	3.99176471457815
Os02g0569400	100.238692480208	1.32364473420007	0.253132355346575	5.22906181782968	1.70372395171325e-07	4.40195446014349e-05	1.10774198098822
Os02g0579000	1208.7867649902	0.915118938340988	0.13893640740301	6.58660285987184	4.50003838348421e-11	1.6320235859106e-08	1.99813037520914
Os02g0581200	363.679906254816	0.826343054249976	0.238426053689218	3.46582532178757	0.000528606589772278	0.0210818839051832	1.77177271690577
Os02g0584800	185.213601740787	1.25696005612006	0.327595991669815	3.83692135460239	0.000124586348293165	0.0116616165001384	0.914240638055186
Os02g0585100	167.080026667321	1.40431655938242	0.2445265144449	5.74300321815965	9.30119585233802e-09	3.93756275014736e-06	0.914240638055186
Os02g0592833	318.101289960439	1.2029915686839	0.298567113393272	4.02921659727247	5.59630376755045e-05	0.00310518472819811	2.28349262014454
Os02g0594651	1107.15012616361	0.831223590363849	0.261070416122701	3.18390571673652	0.00145302331037704	0.0414693832783537	1.68318038829918
Os02g0594700	484.654765790998	1.17682313716373	0.348335216789238	3.3784213609265	0.000729032802808645	0.0271855484102169	1.63099577867261
Os02g0626532	451.307895086829	1.07835023097122	0.258109592263594	4.17787739507939	2.94242183150878e-05	0.00445426800366394	0.783932348973931
Os02g0626600	221.009631344686	1.08620292227725	0.311717635977461	3.48457320636099	0.000492922600687692	0.026418590296951	1.16051998648671
Os02g0629000	105.852655966478	1.45564280322916	0.356967046939584	4.07780722536981	4.54624355560341e-05	0.00478699666299356	1.10774198098822
Os02g0652000	157.721612133284	0.781187609843704	0.229548849493197	3.4031432157836	0.000666153527362401	0.0374876065550012	0.914240638055186
Os02g0654700	464.739817428941	1.27754163401731	0.195839708197599	6.52340450144202	6.87291788992233e-11	2.83519193368469e-08	1.65127946106027
Os02g0658800	1678.73833930952	-0.681560721522323	0.147109074456707	-4.63302977086502	3.60352694374207e-06	0.000344090645802681	2.20176916511122
Os02g0671300	193.638046641713	-1.62163188851637	0.250332733238427	-6.47790589563796	9.30043246973615e-11	4.99709573939838e-08	1.17387973752249
Os02g0676800	49.6853971995302	1.51411244361519	0.314732406796043	4.81079294956869	1.50332686530397e-06	0.00255449909845334	0.0786030461826886
Os02g0677300	5.66818685757778	7.36852058102279	1.82541525673308	4.03662703806372	5.42251687926971e-05	0.0203017030274935	0.193143202152015
Os02g0682300	103.898533205993	1.66115885338314	0.347859390553988	4.77537447167272	1.79373153126674e-06	0.000664065461133703	0.516842763717121
Os02g0684400	346.779500074292	1.21603779803281	0.218482480568608	5.56583665137831	2.60897559480349e-08	4.27622850794119e-06	2.28349262014454
Os02g0687500	1604.67158489231	0.803899527167926	0.149591249333007	5.37397428494198	7.70198466735898e-08	1.22826201944373e-05	2.20176916511122
Os02g0699000	195.829580503021	0.940316650050536	0.226934235978061	4.14356452651526	3.4194879722178e-05	0.00370425867839217	1.13915437899261
Os02g0703600	1197.83140624563	1.19305674976569	0.22872787733817	5.21605308303449	1.82775816445199e-07	2.85825061264645e-05	1.99813037520914
Os02g0703700	571.302587287287	1.14482461313797	0.203184228628864	5.63441671070399	1.75651826292995e-08	3.99359383514559e-06	1.68318038829918
Os02g0704131	4.03749484529979	-25.7894122591154	5.19133258631742	-4.96778270902686	6.77227855868895e-07	0.00506895888106731	0.0153211543659948
Os02g0705500	188.853807406067	0.880955316876744	0.222546507950607	3.9585223106366	7.54148974673823e-05	0.0081434684966104	0.914240638055186
Os02g0727100	156.162497628752	1.13926355892933	0.345963048496009	3.29302092776092	0.000991170966574457	0.0414693832783537	1.1501403269636
Os02g0727300	800.122748915404	0.910645283110965	0.135670341277092	6.71219129058627	1.91723120552593e-11	8.62111038034386e-09	1.68318038829918
Os02g0738750	340.89656809089	0.8620829501294	0.286955899390791	3.00423497812593	0.00266249606171334	0.0496399422128167	2.28349262014454
Os02g0739650	98.8348754624309	1.59594785890742	0.467159881855939	3.41627764046651	0.000634834859859964	0.0422705079885842	0.712411215409016
Os02g0743200	473.152566658171	0.750436745702409	0.209786955066576	3.57713731754321	0.000347377710272386	0.0163392883184261	1.64568999184298
Os02g0755600	225.164189469892	0.611650861832702	0.185743202627549	3.29299190053905	0.000991273301639379	0.0453778278470279	0.977680474665512
Os02g0756800	261.758099389434	1.09750015550582	0.320383324882192	3.42558451164519	0.000613478046767004	0.0300617221973083	1.1840743146758
Os02g0756850	214.691759318605	0.904215451534185	0.277585833762843	3.25742650219934	0.00112427368943652	0.0492651567873734	0.977680474665512
Os02g0769100	295.346341999887	1.23009686538755	0.310722213566048	3.95883143103984	7.5317370048634e-05	0.00523073534892965	1.64568999184298
Os02g0783000	35.3049742313273	2.03964849699447	0.486845055265141	4.18952287783566	2.79541599231483e-05	0.00466044093196717	0.706892684523607
Os02g0786450	84.7426093001375	1.4944783888174	0.338578635115056	4.41397723843251	1.01488634053453e-05	0.00151982185656339	1.0063479701655
Os02g0787300	1591.67613136105	0.735617808008213	0.0981285350893044	7.49647192163569	6.55584519274155e-14	3.3342282994113e-11	2.23225597618304
Os02g0789700	54.1944598382109	7.19305053663663	1.05484457427819	6.81906198508788	9.16368593452029e-12	8.61745381520863e-09	0.823133823771498
Os02g0790500	1645.67893017162	1.13924368491216	0.254447814412112	4.47731762815224	7.55867493338039e-06	0.000663196483541469	2.20557930712798
Os02g0799700	197.304157466958	1.20572778425745	0.175739422564692	6.86088395342034	6.84357416472878e-12	4.8986723191072e-09	1.16051998648671
Os02g0818900	340.2830181896	1.06333772875996	0.31428325638173	3.38337377880681	0.000716011114294104	0.0256790443159373	1.77177271690577
Os03g0119300	508.646709264334	0.69144025243979	0.199716465906711	3.46210939243622	0.000535959264368714	0.0226762818260268	1.58151766330056
Os03g0126600	498.749718072251	0.660816925974496	0.200878383271561	3.289636820111	0.00100316771912997	0.0332715339057366	1.64568999184298
Os03g0130300	908.654662122325	0.941591281868347	0.254141270009527	3.70499164434431	0.00021139770123308	0.00920797767456147	2.17807809220891
Os03g0145050	1481.18532521186	-0.704776971347958	0.172213976453996	-4.09244932298644	4.26840546964631e-05	0.00255449909845334	2.23225597618304
Os03g0147550	5548.58283370857	0.680545036921865	0.189605976889059	3.58925941095234	0.000331618722670173	0.0128674485913586	2.17807809220891
Os03g0152000	195.797605373436	1.63983105292872	0.291532621812833	5.62486298353779	1.85655275712889e-08	6.03349248632733e-06	1.13915437899261
Os03g0159900	237.316736759149	1.22386927608069	0.264791566843001	4.6220100234776	3.80039646362738e-06	0.000790580876677675	0.852733381009301
Os03g0169600	175.731593381922	-0.687203665575642	0.177576454289373	-3.8699030697831	0.000108878633360982	0.00897577446109423	1.16051998648671
Os03g0175800	193.767738685237	1.377976093905	0.263764998748701	5.22425682119352	1.74855953694206e-07	4.40195446014349e-05	1.13915437899261
Os03g0180900	164.80419654237	1.10366058819036	0.324324562584938	3.40295098032026	0.000666622394837321	0.032345348983694	1.1501403269636
Os03g0181100	458.141111342442	1.09451500150727	0.263489386795864	4.15392443246769	3.2682114565348e-05	0.00265496661770076	1.63099577867261
Os03g0183200	886.779936418936	0.821276229140762	0.175080833974906	4.69084028499929	2.72085305004105e-06	0.000341964041345677	1.68318038829918
Os03g0183300	6620.22578549552	0.632732581413807	0.12449039445081	5.08258154538837	3.72339375709774e-07	4.81184956934688e-05	2.17807809220891
Os03g0195900	453.745883398432	0.595275434196869	0.180459855753518	3.29865848396737	0.000971480236344526	0.0329330772758921	1.63099577867261
Os03g0196000	189.578665538739	-1.92225448309048	0.491337699755792	-3.91228778912324	9.14258672681405e-05	0.00808726542791838	1.13915437899261
Os03g0197100	95.7406426825626	1.48698640627855	0.386459646529253	3.84771455346761	0.000119224850891262	0.0174593361487574	0.516842763717121
Os03g0200200	141.413954638951	1.16158676046464	0.256911539286984	4.52134911373946	6.1446751295197e-06	0.00137347855690053	0.692606008513783
Os03g0231150	459.445253673859	0.872359518198594	0.202571555802494	4.30642651058641	1.65913014492755e-05	0.00152627802894779	1.63099577867261
Os03g0235000	707.231360686433	0.880375576418954	0.272426503425103	3.23160766427042	0.00123095941234665	0.0435461461753944	1.29754370384622
Os03g0242300	1083.47003804271	-1.36457035609081	0.212492091014905	-6.4217465674762	1.3471957900672e-10	4.08620967896014e-08	2.20176916511122
Os03g0242350	347.09782814321	-1.48832487123958	0.240805069385259	-6.18062101034275	6.38499316148575e-10	2.73339425319176e-07	1.22398669055803
Os03g0247900	443.000685320794	0.669571468024982	0.14924607403685	4.48635900371931	7.24506241741128e-06	0.000786214188109695	1.65127946106027
Os03g0251350	78.5952259774532	1.38626992100049	0.394641790797149	3.51272965339105	0.000443528518241862	0.0268665431205289	1.01309166190385
Os03g0271350	1.01176934769813	-22.1927351378487	5.18346556404426	-4.28144739530851	1.85681620536428e-05	0.0171713973414234	0.0827627974159433
Os03g0281500	261.589886579363	1.25717006120711	0.266944049410149	4.70948898836669	2.48338629774948e-06	0.000306015598967974	1.77177271690577
Os03g0285200	81.2640576090867	0.877124456704439	0.250204419678986	3.50563134667963	0.000455525679416415	0.0272981461693456	1.01309166190385
Os03g0289100	1356.06606146958	-0.65328677827348	0.198329605242419	-3.29394483226529	0.000987918859967366	0.0273797118599529	2.17807809220891
Os03g0293100	417.733962952603	0.806664945974627	0.199827110214442	4.03681434970943	5.41819108547552e-05	0.003991237758614	1.65127946106027
Os03g0351700	118.199363510576	1.08808552015955	0.267199167452593	4.07218903611519	4.65733560913774e-05	0.00485410086262306	1.10774198098823
Os03g0388500	636.103902684621	0.595460953877693	0.141630504614953	4.20432699506758	2.61860139783075e-05	0.00225030910475534	1.63099577867261
Os03g0388900	31.8815012543887	1.66878144295805	0.46922274091532	3.55648031828708	0.000375856624606691	0.0278089894577965	0.804136900383171
Os03g0391100	69.6982773747962	-0.995237598758324	0.305993971321085	-3.25247453229726	0.00114404847663113	0.0494217333262039	0.987996612187258
Os03g0398600	352.670084859792	1.2031119431622	0.191919580547625	6.26883374655793	3.63762256237359e-10	1.65936909425907e-07	1.22398669055803
Os03g0413100	290.496970963188	0.62605502126343	0.178522978895418	3.50685959385757	0.000453428330593667	0.0247486189370005	1.1840743146758
Os03g0417700	967.209061166113	2.1795395231837	0.273037986205172	7.982550536195	1.43340090558381e-15	9.23882072821137e-13	2.20176916511122
Os03g0417750	185.311970564928	3.24600529808761	0.470379347807743	6.90082443716118	5.17015973507403e-12	3.75018123211948e-09	1.17387973752249
Os03g0426350	550.976448845136	3.5555076120078	0.244792100836258	14.5246010792893	8.46335590475895e-48	3.53469264028115e-44	1.63099577867261
Os03g0431500	198.137993433913	0.655744890718105	0.189468627987869	3.4609681702033	0.000538236446969009	0.0277126154590954	1.16051998648671
Os03g0562400	24.9298041819143	-3.4781172164936	0.621700859110247	-5.59451891617352	2.21234349519899e-08	2.83996565326996e-05	0.245667443900974
Os03g0594900	186.066851682722	-0.80106093477094	0.223522681308505	-3.58380156358862	0.000338629388215114	0.020511499882769	1.17387973752249
Os03g0607700	314.465109798234	1.22460715792873	0.208912756224167	5.86181131330588	4.57845118803647e-09	7.42592066650173e-07	2.87658569010505
Os03g0608700	326.720674061812	-1.97780945187945	0.189699421921872	-10.4260172848287	1.886298600901e-25	2.48154702867516e-22	2.87658569010505
Os03g0634000	442.11850069359	0.636383350706201	0.188147665438631	3.38236113226594	0.000718656020233359	0.0268665431205289	1.64568999184298
Os03g0676400	47.8807489653812	1.60057608765839	0.397355065734014	4.02807520448173	5.623535700894e-05	0.00795893137585895	0.716221430513871
Os03g0701200	1530.07014692374	-0.590424759656849	0.175090191316447	-3.37211785090664	0.000745925227863672	0.0225814932620441	2.23225597618304
Os03g0711100	158.368716337857	0.930347030802737	0.232156833680771	4.00740747559478	6.13888985929421e-05	0.00590228513905544	1.1501403269636
Os03g0741100	119.651746768933	1.81674295426683	0.304078276777388	5.97458974551096	2.30669923598565e-09	2.47891777759972e-06	0.391269255012807
Os03g0759125	109.93225453096	1.08057881341166	0.234300292867892	4.61193966164153	3.98928807022968e-06	0.000677657268858336	1.10774198098822
Os03g0760800	159.670815057251	0.623506096560136	0.183344509346915	3.40073503581375	0.000672049342711314	0.0321248852912499	1.17387973752249
Os03g0764600	2909.15116244205	0.989749341967389	0.118421910661193	8.35782277486705	6.38863233551012e-17	4.99500980918615e-14	2.17807809220891
Os03g0770800	582.549205886236	0.759685913453909	0.134012134044715	5.66878453857343	1.43814080870326e-08	3.44916739643461e-06	1.65127946106027
Os03g0790500	73.9602331057602	1.22444964550551	0.324494873301512	3.77340212819876	0.000161036410051638	0.0136063097785327	0.987996612187258
Os03g0815100	629.354530739149	0.73327446286777	0.209063634052666	3.50742235104862	0.000452470382654514	0.0199592539456495	1.65127946106027
Os03g0815266	80.175333061045	4.64226996389086	0.84672330859494	5.48262923291232	4.19050670596502e-08	1.4740659061459e-05	0.987996612187258
Os03g0820400	61.0039697203901	1.45359519741455	0.379028552834233	3.83505460616386	0.000125536400956667	0.0109501902718968	1.0063479701655
Os03g0838800	75.6510885691819	1.21804482171031	0.247741148781264	4.91660278360034	8.80589729073047e-07	0.000225702457610195	0.899041596849063
Os03g0839800	89.6167209794878	1.21376647505456	0.35609682585802	3.4085293294316	0.000653140636438294	0.0425407548318419	0.719281673610963
Os04g0136700	411.257889963626	0.705099169041103	0.208038164411815	3.3892779771184	0.000700769319226672	0.0321248852912499	1.22398669055803
Os04g0201800	36.3514370748382	-2.22925347808005	0.67232540562685	-3.31573589131528	0.0009140216505206	0.0487005833998965	0.808123485487072
Os04g0249550	1.88192372465932	-22.3314510684479	3.55011662824471	-6.29034293994145	3.16765396139922e-10	1.68509049122482e-06	0.0831487399230654
Os04g0253000	2264.08603911369	0.634990613936287	0.175371642300867	3.62082834833068	0.000293661304628547	0.0116337321210609	2.17807809220891
Os04g0322100	271.167604415789	1.28379377236911	0.337695921770455	3.80162652139387	0.000143749301381148	0.00670020428978688	2.28349262014454
Os04g0340300	120.900237755607	-1.8085841553154	0.357402065725608	-5.06036290429256	4.18459250349251e-07	0.000108398153663702	1.0063479701655
Os04g0380300	208.362018193797	-1.00699086446516	0.26563601435505	-3.79086723955739	0.000150122186145549	0.0111683382680796	1.17387973752249
Os04g0385600	322.734017285218	1.21628207023454	0.240216920160557	5.06326560769159	4.12135018518346e-07	6.28771509674669e-05	1.77177271690577
Os04g0390800	51.8981625533943	6.36803418818517	0.906724972117546	7.02311548044541	2.16974729787649e-12	2.34685597615344e-09	0.828649769479636
Os04g0412100	260.235147406387	-0.809340485102849	0.250990200451048	-3.22458997860635	0.00126153206004049	0.0467616151078908	1.1840743146758
Os04g0423200	50.1126850857786	1.30428075080842	0.336092283797015	3.8807220923767	0.000104146791964176	0.0124081380221229	0.712897023014696
Os04g0439600	649.158638900192	0.722042315845977	0.172632408287264	4.18254210208596	2.88267612665125e-05	0.00240718911913806	1.65127946106027
Os04g0447166	72.2142623207999	1.50933383452121	0.455106907805866	3.31643798112826	0.000911728208160397	0.0423945711115401	1.01309166190385
Os04g0453266	1.99252598283198	-17.8828908791017	2.95959776851822	-6.04233827627702	1.51896575126247e-09	6.75475343687896e-06	0.0823545170710939
Os04g0465100	646.495908725455	0.871914215692668	0.274310647180447	3.17856497607657	0.00148006040896413	0.0419452184061008	1.68318038829918
Os04g0481600	346.368393457224	1.05660313278797	0.224093032067386	4.71502002110551	2.4168698317117e-06	0.000316577495008929	1.64568999184298
Os04g0498900	67.7483645128025	5.2924948246761	0.559959691487989	9.4515639342044	3.33805405363372e-21	8.69027921395157e-18	1.0063479701655
Os04g0499100	213.212668724737	-0.587069212274309	0.136382926938704	-4.30456528138717	1.67313951389492e-05	0.00237903604523208	0.977680474665512
Os04g0510200	385.715631938626	-0.751981058864492	0.235060397649866	-3.19909719537105	0.00137858683109697	0.0332218457798076	2.27222783471531
Os04g0518800	305.400324965196	1.02478602896346	0.215863752464715	4.74737429171195	2.06074388631555e-06	0.000284326032938197	1.64568999184298
Os04g0538400	4882.49246373487	0.613393197413303	0.200759456956441	3.05536390022409	0.00224787598986792	0.0414186519078901	2.64442409702577
Os04g0546800	872.337584370926	0.857370389981764	0.181046175705518	4.73564485215268	2.18359678807307e-06	0.000294369174168903	1.65127946106027
Os04g0550200	567.483503495235	0.862597933673244	0.224337113801095	3.84509686809136	0.000120504825066443	0.00736677953765995	1.68318038829918
Os04g0565200	68.3421510246323	4.63629318703444	0.508676315074669	9.1144270917231	7.90872145053156e-20	1.70397309920508e-16	0.987996612187258
Os04g0577337	38.9926505800026	2.01320087727731	0.439560662954566	4.58002966813571	4.64909977158108e-06	0.000945972204400114	0.828649769479635
Os04g0579200	268.046014992635	0.953815589730879	0.176856169676627	5.39317113717257	6.92249629334565e-08	8.53780193832447e-06	2.87658569010505
Os04g0586500	54.038936161796	1.60706539796527	0.351219139626504	4.5756771674638	4.74682058277839e-06	0.000952625527057041	0.828649769479636
Os04g0591300	86.8179153348435	0.769311198829675	0.223320122290227	3.44488078790266	0.000571311298938313	0.0397245145605635	0.719281673610963
Os04g0593400	503.222338041624	0.760061349881953	0.164271145973119	4.62687068614185	3.712321372867e-06	0.000458709692329306	1.63099577867261
Os04g0601800	241.989800423371	0.725947870081875	0.180239788813275	4.02767821057504	5.63303677142722e-05	0.00539897836838072	1.17387973752249
Os04g0606200	101.225255115152	1.04567145071332	0.274063610109741	3.81543339626378	0.000135944121390813	0.0116337321210609	1.0063479701655
Os04g0613500	147.089246734076	-4.39523468410476	0.998565110290944	-4.40155042351135	1.07480082704936e-05	0.00219309066908745	0.692606008513783
Os04g0617900	14.492688903357	3.43454707177578	0.805906629631872	4.26171834985976	2.02861012474524e-05	0.020511499882769	0.0703639768885391
Os04g0629200	344.734950801561	-0.905949428533887	0.258006308889238	-3.51134603039033	0.000445843647105851	0.0154965535785634	2.28349262014454
Os04g0671200	1360.37778834438	0.78340205859821	0.139055649079117	5.63373055166201	1.76352485419349e-08	3.45517781713095e-06	1.99813037520914
Os04g0672100	771.380330347121	-0.593998078746745	0.152627872336913	-3.89180606171032	9.9500768246049e-05	0.0065477815206499	1.63099577867261
Os04g0673300	1714.38201027132	2.17431151465266	0.162799056715601	13.3557992197156	1.09575724018289e-40	3.11294300465611e-37	1.99813037520914
Os04g0674000	1343.26053190857	0.993707954941243	0.166031427263465	5.9850594030273	2.16310901264358e-09	5.42222537096021e-07	1.99813037520914
Os04g0677300	132.294917250142	1.09609638017732	0.304109040290347	3.60428739353103	0.00031301055209259	0.0273797118599529	0.692606008513783
Os04g0678700	1298.56113907161	0.712367152194963	0.226428650651937	3.14609988684694	0.00165463485272703	0.0379066876767138	2.23225597618304
Os04g0684800	559.041773460043	0.672194074778858	0.200882734027566	3.34620134494294	0.000819268821883718	0.033865898332747	1.29754370384622
Os04g0687900	685.110856810759	0.996818359201165	0.125387991300448	7.94987102722338	1.86705788359582e-15	1.4811387625578e-12	1.65127946106027
Os04g0689700	367.262410335918	1.4152674343901	0.153795736479506	9.20225402073281	3.50518545647245e-20	4.81290011019045e-17	1.77177271690577
Os05g0103800	128.262486969495	2.46570085522627	0.496944589153523	4.96172190832435	6.98709838742722e-07	0.000225702457610195	0.712411215409016
Os05g0104150	899.154340491868	0.823195413998366	0.20644326724022	3.9875139790366	6.67692713512395e-05	0.00474667166723253	1.64636584705379
Os05g0125600	318.008274533819	0.626545803641358	0.191146620343203	3.27782831062562	0.00104609001457422	0.0327047684031587	1.77177271690577
Os05g0126100	842.22181516086	0.712201204594192	0.187602572194316	3.79632963590982	0.000146854201078816	0.00863076428492981	1.64636584705379
Os05g0127266	667.536214084429	0.962609343716551	0.217591091005634	4.42393730031725	9.69181587272672e-06	0.000952625527057041	1.68318038829918
Os05g0134800	3755.92404952515	-0.706238008309947	0.223824674149643	-3.15531793352584	0.00160323294064175	0.0370069306464774	2.23225597618304
Os05g0139100	307.773849388887	0.699855025659608	0.187097392076331	3.74059209427187	0.000183587261446103	0.00675058249282549	2.87658569010505
Os05g0149000	81.8192143493413	1.19588265707421	0.276200764714115	4.32975867504213	1.49272834131581e-05	0.00211585827935243	1.01309166190385
Os05g0150733	300.743806929287	0.876447293580737	0.276337967745082	3.17164992104613	0.00151575607522722	0.0304044980723188	2.87658569010505
Os05g0160600	371.896578921558	-1.09625526836063	0.125130182805369	-8.76091797984321	1.93666685593169e-18	1.69917566224658e-15	2.28349262014454
Os05g0162500	126.501664870551	0.797897966866214	0.207186358253486	3.85111246508813	0.000117582482395423	0.0211472272483409	0.391269255012807
Os05g0179950	170.695213636253	1.12442330273669	0.21894340473685	5.1356801730938	2.81125399953987e-07	6.42250796668442e-05	1.17387973752249
Os05g0183100	161.800038789375	1.86814924424429	0.218033005465026	8.56819471097901	1.05119947589619e-17	1.60523943786033e-14	1.17387973752249
Os05g0186300	597.466396260624	1.90742406734419	0.223638761143115	8.52904057236999	1.47566430742791e-17	1.60523943786033e-14	1.65127946106027
Os05g0186601	176.010687057837	1.83878806646272	0.321154015654607	5.72556461022206	1.03090301165853e-08	4.26723607337349e-06	0.914240638055186
Os05g0195700	775.884912566045	0.645734116399273	0.0950283089241405	6.79517633966055	1.08180124472687e-11	5.37869900969318e-09	1.63099577867261
Os05g0200700	213.006244956982	2.57185267177666	0.347368483162269	7.40381697373291	1.32324773792209e-13	9.80757725840125e-11	1.43602280405446
Os05g0214300	160.27894316218	1.08569361239824	0.326439805241001	3.3258615982714	0.000881456847389225	0.0439435235160305	0.914240638055186
Os05g0215000	139.556836838098	-1.38175634440803	0.377512740434211	-3.66015817855245	0.000252059599981916	0.0239708181383237	0.692606008513783
Os05g0231100	166.558877397901	-1.73837503461918	0.438157812185534	-3.96746328896465	7.26416972748867e-05	0.00660698903684067	1.17387973752249
Os05g0316800	680.926895943951	0.97502323377175	0.244869440056084	3.98180856520288	6.8392856725364e-05	0.00479816001626892	1.65127946106027
Os05g0320750	1654.09296810937	0.720276415484827	0.228960969722463	3.14584802972277	0.00165606031271027	0.0407334303454647	1.99813037520914
Os05g0339300	171.734320932398	1.0674285613267	0.249255602174191	4.28246567786561	1.848336494006e-05	0.0022415319871706	1.16051998648671
Os05g0375400	1725.81608086371	-1.04245710626459	0.331098134810851	-3.14848377765742	0.00164119832371716	0.0405627751131367	1.99813037520914
Os05g0397300	442.425763096148	-0.758100637417829	0.200262074085499	-3.78554272385179	0.000153373479801895	0.0154965535785634	0.783932348973931
Os05g0398450	232.309414518305	-0.606566435903771	0.179531617082147	-3.37860509342056	0.000728545800437953	0.0379940287732676	0.977680474665512
Os05g0409500	65.5765490250679	1.12166859014094	0.337529162960855	3.3231753378034	0.000889989544412473	0.042068361759922	1.0063479701655
Os05g0429500	388.596883371356	0.851460997820459	0.229079637282342	3.71687771083305	0.000201700009971927	0.00860319692111106	2.28349262014454
Os05g0430700	340.548582829534	-0.732748601577	0.186503058830278	-3.92888248682194	8.53415280257664e-05	0.0072621942132394	1.22398669055803
Os05g0447700	246.765867742651	0.702171465493562	0.182729884217681	3.84267449464962	0.000121700829723322	0.00829439762585868	1.43602280405446
Os05g0468900	394.822330714395	1.04057204311798	0.174480180303504	5.96384094346952	2.46376578442464e-09	6.67060083829769e-07	1.77177271690577
Os05g0472000	272.800131160775	0.67827423837143	0.164627097863267	4.12006435863176	3.78766584516939e-05	0.00391904088342163	1.1840743146758
Os05g0490300	438.278101690949	0.768121410119254	0.150241918373539	5.11256391315178	3.17815404938128e-07	5.5196444692233e-05	1.58151766330056
Os05g0495900	1172.63231018795	0.639829309109148	0.168024422555239	3.80795422105261	0.000140121204296088	0.00675058249282549	2.20176916511122
Os05g0510800	1238.15206282955	-0.58748453933823	0.16070149895148	-3.65575021497221	0.0002564309518199	0.0105522553881394	2.17807809220891
Os05g0525600	163.851592040587	-1.04768302458944	0.303745555351399	-3.44921269177877	0.000562223670636391	0.0281733732391382	1.17387973752249
Os05g0525701	36.3537178562089	-1.21701905750344	0.34959019426783	-3.48127343803886	0.000499035760554422	0.0364305843769336	0.706892684523607
Os05g0525900	201.808817981544	1.02864009236255	0.232869427652448	4.41723974989867	9.99693255137212e-06	0.00134582792896957	1.16051998648671
Os05g0537100	247.038757373419	1.58611703699405	0.197058316655781	8.0489728315535	8.34917774759211e-16	9.80128384573912e-13	1.16051998648671
Os05g0540900	268.78609147314	0.918932518875346	0.222601565999656	4.12814938991384	3.65694510155038e-05	0.0028777068911231	1.64568999184298
Os05g0561600	685.399754297455	-0.908629792791659	0.205080881838535	-4.43059238211706	9.39745770389252e-06	0.000952625527057041	1.63099577867261
Os05g0568800	175.15233051045	0.978459823044658	0.282403664662326	3.46475611148537	0.00053071253607471	0.0277889761914681	1.13915437899261
Os05g0578600	147.673399987066	-1.25336132483473	0.340045696452029	-3.68586145306957	0.00022793033111498	0.0219253672912545	0.712411215409016
Os05g0580200	41.3053049068745	8.36043385831741	1.21594297720517	6.87567921773253	6.16951894021274e-12	5.93668889684577e-09	0.823133823771498
Os06g0125200	138.780135353275	1.4247224898445	0.405935881872731	3.50972297218893	0.000448573782151322	0.0343593149530189	0.692606008513783
Os06g0128800	282.324882967169	1.41271620887939	0.271211256588147	5.20891435942387	1.89948755610016e-07	3.47889942787429e-05	1.64568999184298
Os06g0129100	1121.26840459984	0.697746178245217	0.195096452245033	3.5764165376461	0.000348336461279332	0.0163392883184261	1.65127946106027
Os06g0130800	6100.16988704688	0.743446616491452	0.188596709268733	3.9419914555991	8.08078559846456e-05	0.00444887804784292	2.17807809220891
Os06g0131350	5834.32352777692	0.593508806789744	0.183628746337449	3.2321127199718	0.00122878574161468	0.0213744630999578	3.99176471457815
Os06g0131700	1275.18748956229	0.638095589971046	0.198137563028991	3.22046753889711	0.00127981685653163	0.0389537576492139	1.65127946106027
Os06g0132400	196.427772190574	0.878825017473656	0.244750213912099	3.59070173392896	0.00032978886224501	0.0239025500462755	0.914240638055186
Os06g0140700	1445.92483431114	0.640568984412144	0.143962608940714	4.44955109611788	8.60499566903953e-06	0.000715645292963181	2.20176916511122
Os06g0147400	308.094080226552	0.751708247985201	0.203487969009081	3.69411642194756	0.000220652696636575	0.0116198508504294	1.64568999184298
Os06g0163900	145.516229717085	0.730710623464148	0.178258020138191	4.09917389914731	4.14627421081357e-05	0.00478932289134682	1.0063479701655
Os06g0166400	880.356095439842	0.916736681080125	0.2506775156366	3.65703592822059	0.000255148628850792	0.0131558002614163	1.63099577867261
Os06g0192800	422.804962451268	0.627765668400444	0.191401756481945	3.27983232724232	0.00103868798001568	0.0347341827028305	1.58151766330056
Os06g0203000	169.619799274319	0.94743245956327	0.264259007410634	3.58524187631965	0.000336765942638764	0.020511499882769	1.17387973752249
Os06g0206700	94.0979272005802	0.958060937994197	0.255180720717152	3.75444091270568	0.000173728819827185	0.014305853231792	1.0063479701655
Os06g0218500	695.910486997869	0.611510225039256	0.163014997299733	3.75125132759953	0.000175954212359984	0.0116337321210609	1.29754370384622
Os06g0220000	564.775315734341	0.924574900494136	0.207923467224419	4.44670778549595	8.71963223836694e-06	0.000915666839116261	1.64636584705379
Os06g0228200	1377.46245690058	-0.731536509789482	0.239459968324776	-3.05494281531563	0.00225103437917701	0.0454943065417069	2.20176916511122
Os06g0228500	350.410823921528	0.940505554512845	0.282683762485051	3.32705899428016	0.000877677903098189	0.0290390841232638	1.77177271690577
Os06g0234300	73.5369813132114	1.37075936381027	0.407233946025349	3.36602431400684	0.000762599861914968	0.0384070691083019	1.0063479701655
Os06g0236300	581.344863214969	0.619875251802766	0.145648437959056	4.25596910264855	2.08145452224642e-05	0.0018560278380047	1.64636584705379
Os06g0238700	179.079108081574	1.03253520678777	0.24356261065483	4.23930095022281	2.24216903629972e-05	0.00310518472819811	0.914240638055186
Os06g0255900	129.333211896113	1.0616457812215	0.197405322643946	5.37799977732293	7.53179097002755e-08	2.18466912490674e-05	1.10774198098823
Os06g0263801	83.2937501609943	1.92909073524971	0.275098283776644	7.01236921134689	2.34315868458997e-12	2.34685597615344e-09	0.899041596849063
Os06g0271350	17.0038360642656	6.79200004429235	1.30068141064683	5.22187830832048	1.77117352259982e-07	0.000174203672777191	0.247347577385069
Os06g0306300	1401.99675099512	-0.849873121250246	0.242615436843388	-3.50296391815684	0.000460111785106723	0.0162498499092727	2.20176916511122
Os06g0320200	57.3116507434988	1.41837135649362	0.298771961167273	4.74733757127737	2.06111792470481e-06	0.000569195985654619	0.712897023014696
Os06g0493100	169.372600329576	1.61674937285917	0.467823566625865	3.45589553027401	0.000548467849032996	0.0329384733404222	0.914240638055186
Os06g0493600	105.572004304409	0.928678103930653	0.272144456508788	3.4124454190404	0.000643828185997212	0.032345348983694	1.10774198098822
Os06g0496800	371.742425109102	0.677271289409128	0.119039113585335	5.68948532134032	1.27422841951916e-08	3.10250311280225e-06	1.64568999184298
Os06g0531000	289.413984026142	0.838824745726627	0.213073995348726	3.9367767256336	8.2583377474573e-05	0.005622156382629	1.64568999184298
Os06g0538400	587.276369395475	1.88597243128404	0.237618564075086	7.93697427903014	2.07172991163633e-15	1.58735811490485e-12	1.64636584705379
Os06g0562200	121.071596689976	-0.931473615668681	0.209280201423481	-4.45084441496609	8.55332955411955e-06	0.00182082774885215	0.692606008513783
Os06g0564700	14.9548455030902	2.77654353542026	0.625720907015666	4.43735138827756	9.10725569965277e-06	0.00444887804784292	0.245667443900974
Os06g0594400	171.191687823047	2.00479923291491	0.452351045511554	4.43195445839575	9.33827444017355e-06	0.00130440313394782	1.1501403269636
Os06g0614100	224.545175576716	0.779361050997957	0.194985811675046	3.99701416376286	6.4146464302805e-05	0.00767087463329135	0.852733381009301
Os06g0631800	27.0263697542003	1.57090831697666	0.474366457398395	3.31159231955841	0.00092766625713011	0.0482642483787481	0.828649769479635
Os06g0633100	691.783448110973	1.20076278419308	0.262329007519747	4.57731607932339	4.70979558549245e-06	0.00067910949772458	1.29754370384622
Os06g0633375	26.7002277776742	1.99926617310194	0.54507009459503	3.66790655537126	0.000244544519040188	0.0447184960086555	0.247347577385069
Os06g0643600	351.277472519206	0.817981465053334	0.229428090653427	3.5653065094325	0.000363431203625811	0.0160235819527261	1.77177271690577
Os06g0646100	189.751248586415	0.733655437001027	0.209923641181125	3.49486810000604	0.000474296084262793	0.0256790443159373	1.17387973752249
Os06g0649000	105.010135820286	2.08657861779258	0.430794620510658	4.84355773830038	1.27534637927186e-06	0.000285847845949196	1.0063479701655
Os06g0649600	671.37021208311	1.14794866891581	0.199120091812978	5.76510716956685	8.16059683957489e-09	2.09023955439121e-06	1.68318038829918
Os06g0654400	210.391791056985	1.21058256402013	0.285267368947244	4.24367697044245	2.19886815214324e-05	0.00217299388115562	1.43602280405446
Os06g0661800	152.786864243234	-0.903602955309139	0.230719981999146	-3.91644862087621	8.98629563893232e-05	0.0113018511361931	0.692606008513783
Os06g0662200	486.907043582611	-0.741923926109623	0.130035523874662	-5.70554802259071	1.15969354369666e-08	2.92693616989331e-06	1.64568999184298
Os06g0663800	346.819476236186	0.662042789303887	0.187105294969129	3.53834342001448	0.000402646007524674	0.0182968245874314	1.64568999184298
Os06g0666400	331.569882018651	0.807150467622498	0.219648664550995	3.6747342364793	0.000238097121676344	0.0097029845556311	2.28349262014454
Os06g0691800	310.291246608636	-0.835192368225102	0.252482850346579	-3.3079172192434	0.000939925885779859	0.0321248852912499	1.64568999184298
Os06g0694200	712.913925331118	2.69763951588826	0.275127351141035	9.80505756588847	1.07085927275877e-22	1.86350349317347e-19	1.63099577867261
Os06g0697000	269.939980863983	1.23858138157591	0.23148919375258	5.35049330596282	8.77147974844359e-08	1.65309029422224e-05	1.77177271690577
Os06g0697600	1514.18052372834	0.624037207109315	0.160703725229348	3.88315333834807	0.000103110497795758	0.00530751026586103	2.20557930712798
Os06g0707733	147.278435372433	-0.789130370238518	0.227259137319047	-3.47238126285177	0.000515863151007016	0.0379940287732676	0.692606008513783
Os06g0716100	392.173997888448	1.34864222475677	0.229583586239708	5.87429723024123	4.24640882895374e-09	1.55476017987407e-06	1.22398669055803
Os06g0728700	123.274489583293	-1.17210110889422	0.271597825913105	-4.31557618310694	1.59187138746853e-05	0.00207390687605143	1.10774198098823
Os07g0115500	154.434368157135	1.08491581167854	0.2223509071009	4.87929564049954	1.06465373780736e-06	0.00021743098949656	1.1501403269636
Os07g0119300	1311.45856010867	0.805739111221836	0.155415946183085	5.18440437426317	2.16706296556105e-07	2.98787704410386e-05	2.20557930712798
Os07g0127600	201.643470342029	1.88074294469283	0.424541008344405	4.43006189679346	9.4206045181015e-06	0.0010690623678217	1.43602280405446
Os07g0153150	721.541414146081	2.34594940051619	0.382980085511326	6.12551275971453	9.03920265735859e-10	3.59497674738664e-07	1.29754370384622
Os07g0157700	67.7260981069088	0.842544415734548	0.25290099682483	3.33151876154182	0.000863734776801255	0.043862530684891	0.899041596849063
Os07g0162450	1022.10463427581	9.94275602893393	0.612558267434077	16.2315269542974	3.01855968904299e-59	1.52700692634914e-55	1.68318038829918
Os07g0162500	114.742867775441	-0.994434005163572	0.254662378937289	-3.9049113155754	9.42599455123191e-05	0.00897577446109423	1.0063479701655
Os07g0226200	108.896159892827	1.15033036212679	0.247934185935685	4.63966014926715	3.48982604214919e-06	0.000664065461133703	1.0063479701655
Os07g0258100	144.475019721003	1.15278052367871	0.266127196603589	4.33169002789235	1.4796916096795e-05	0.00278609817609284	0.692606008513783
Os07g0290200	634.189784978022	0.773600258707235	0.222879559485728	3.47093407978838	0.000518651306739313	0.0213744630999578	1.68318038829918
Os07g0422000	132.164848808412	0.832754072351792	0.214657396778571	3.87945668236541	0.000104690041902351	0.019653214847787	0.391269255012807
Os07g0429700	19293.7915292349	-0.905943957967771	0.274153686290357	-3.30451131344002	0.000951421358308739	0.0267104623143888	2.20176916511122
Os07g0435300	874.778057787205	0.742639204607544	0.169491867511558	4.38156246379729	1.1783125180227e-05	0.0011661571832756	1.63099577867261
Os07g0461900	413.179751219155	0.96191454138313	0.144664305630274	6.64928737736829	2.94515463706283e-11	1.70734804821133e-08	1.22398669055803
Os07g0471900	363.164338690262	-0.771827816654086	0.226870893989048	-3.40205745692238	0.000668805752799656	0.0257756472091928	1.64568999184298
Os07g0481100	164.268332747995	-0.703623620635665	0.209279260869427	-3.36212779858138	0.000773443182432108	0.0414065629300298	0.914240638055186
Os07g0511100	5.24720018472303	6.05285613537081	1.59313083983202	3.79934653453135	0.000145078116416838	0.0327047684031587	0.245667443900974
Os07g0511400	920.534650699091	8.2389038892121	0.736958164721046	11.1796086719939	5.13157620990285e-29	1.09337431319257e-25	1.99813037520914
Os07g0511500	175.481517979811	1.12640431772798	0.335225558475088	3.36013853732363	0.000779033973994078	0.0356906031499925	1.13915437899261
Os07g0524900	510.122412166947	1.22611085210107	0.248399381560113	4.93604631541465	7.97221826083634e-07	0.000121802646640725	1.65127946106027
Os07g0529600	26858.8185044593	0.598699167904852	0.122010190338814	4.90696036324756	9.24987169984676e-07	0.000108398153663702	2.20176916511122
Os07g0530700	602.495108261689	0.736029028140796	0.170944563588722	4.30565917212565	1.66489226094072e-05	0.00151071486227441	1.68318038829918
Os07g0538000	457.43539585158	1.48120963392936	0.337626238001448	4.38712833071643	1.14857028254736e-05	0.00113193671107931	1.64568999184298
Os07g0546501	23.2130942141158	3.42677432794469	0.937931957307677	3.65354256377105	0.000258646889100161	0.0460735840112358	0.247347577385069
Os07g0555100	31.4129214124312	-1.39418678788057	0.410201970485464	-3.39878130334328	0.000676868164375891	0.0404367765861656	0.828649769479635
Os07g0559100	74.1911206287471	1.73465063361599	0.43798280989484	3.96054501324489	7.47788947477051e-05	0.00817572607067005	0.899041596849063
Os07g0569100	2275.11791059765	0.757545176245704	0.158602784185531	4.77636745241205	1.78490109547702e-06	0.000195083152223176	2.20176916511122
Os07g0583600	1065.88727611993	0.768870921894596	0.187294654417552	4.10514077022448	4.04068746235275e-05	0.00265927693431274	1.99813037520914
Os07g0587500	686.044326350899	0.862030069256919	0.122102241565704	7.05990371841827	1.66618010860793e-12	9.54620503832423e-10	1.65127946106027
Os07g0592000	68.0996720854029	0.921803507861768	0.259776169078532	3.54845292827111	0.000387501253290693	0.0248383593845828	1.0063479701655
Os07g0592600	677.242052580194	0.622018881679128	0.149323499317536	4.16557932624127	3.10562909802833e-05	0.00255449909845334	1.63099577867261
Os07g0605400	479.310919259988	0.847614004350335	0.249417071721212	3.39838006476863	0.000677861774463518	0.0260501615716725	1.63099577867261
Os07g0619100	197.468067749466	-0.618778346573324	0.189610471441164	-3.26341863859206	0.00110076785477939	0.0437542785371087	1.1501403269636
Os07g0651400	2.63548291543235	-24.4595139813066	5.17997567702324	-4.72193606811734	2.33610122005786e-06	0.0405639579073072	0.00283450437052162
Os07g0657400	736.686593297138	0.649031578125867	0.144701353751993	4.48531794138056	7.28052890855767e-06	0.000786214188109695	1.65127946106027
Os07g0660100	217.198948168598	0.813379693386165	0.212913924375948	3.82022780224537	0.000133328474342286	0.0102952730126457	1.17387973752249
Os07g0664200	818.483625882181	0.813144061858874	0.122573895902618	6.63390892384541	3.26911586943731e-11	1.75123380362826e-08	1.29754370384622
Os07g0677100	237.93816223444	-1.46794401820579	0.375918851348783	-3.90494920097479	9.42451800686452e-05	0.0100651806837143	0.852733381009301
Os07g0685000	513.211912068285	-0.604775307448837	0.162329838292807	-3.72559545311661	0.000194854697880006	0.0105844859272661	1.64568999184298
Os07g0685700	2191.81902952905	0.606483531016618	0.088228849341114	6.87398209934493	6.24340460073472e-12	2.72875750834836e-09	1.99813037520914
Os07g0689600	1039.02417947307	1.0322654650834	0.160618125039471	6.42683050141278	1.30291961522168e-10	4.99709573939838e-08	1.65127946106027
Os07g0691300	572.810099693069	0.747081460739353	0.117918168392445	6.33559247844642	2.36430949990486e-10	8.58094297444476e-08	1.64636584705379
Os08g0121925	284.445941968314	0.614564326898447	0.189345039522669	3.2457376673175	0.0011714673464188	0.0257797368873042	2.87658569010505
Os08g0163500	985.544208734081	0.669729517073489	0.136112080658793	4.92042670887072	8.63557333825041e-07	0.000128485316517501	1.68318038829918
Os08g0167000	6597.59871265504	0.591132821053716	0.193704021119195	3.05173231633619	0.002275249051062	0.0414693832783537	2.64442409702577
Os08g0188151	63.3456465854645	1.51889766784877	0.289976321856105	5.23800584174072	1.62320925997338e-07	4.68616352588174e-05	0.983122688031377
Os08g0195400	1255.69415216275	0.592765229965732	0.163451655045437	3.62654773854049	0.000287235735959681	0.0141760698523653	1.68318038829918
Os08g0200100	449.341878717904	-0.594928624268432	0.13881774546159	-4.285681360767	1.82179953672446e-05	0.00165367288292684	1.64568999184298
Os08g0246001	38.927946002835	-6.52988386031852	1.0757977762205	-6.06980605895969	1.28064810003434e-09	7.35967705564625e-07	0.823133823771498
Os08g0249000	128.955138639176	-1.49888876116376	0.305379158994609	-4.90828767129527	9.18750246563725e-07	0.000216247584516723	1.0063479701655
Os08g0250900	1258.46338408906	-0.616496204814641	0.160909664388358	-3.83131869150332	0.000127458282400369	0.00784755861415904	1.65127946106027
Os08g0331000	1055.19978972328	0.7134277919615	0.145306893103732	4.90980005643778	9.11693010042747e-07	0.000134657109616432	1.68318038829918
Os08g0332150	29.8598401975903	-20.044801945037	3.17322427108049	-6.31685636836873	2.66937460348809e-10	1.8145627823723e-07	0.808123485487072
Os08g0376550	187.954115352292	1.00741980064702	0.271035616472505	3.71692773724157	0.000201660091784948	0.0144351902621543	1.1501403269636
Os08g0384500	439.927082107406	0.879619360932583	0.233267171156583	3.77086649857871	0.00016268169042297	0.00936051380068944	1.63099577867261
Os08g0386200	346.394764133774	0.681740931023779	0.180901419336472	3.76857701572676	0.000164180830574882	0.00936051380068944	1.64568999184298
Os08g0392100	118.366226904781	-1.22555623366322	0.221568644556451	-5.53127107004066	3.17918584930181e-08	1.5478903069911e-05	0.692606008513783
Os08g0398000	663.190713521856	-0.784030996337928	0.227608490040136	-3.44464741275545	0.000571804743901978	0.0231490087043467	1.64636584705379
Os08g0409500	724.174558993602	0.677275426571243	0.12578832178084	5.38424725747797	7.27484446573673e-08	1.50497490033533e-05	1.64636584705379
Os08g0434700	2524.45829542422	0.65270300553388	0.186423749851059	3.50117946911458	0.000463203797240557	0.016424492807507	2.17807809220891
Os08g0438400	181.670991877664	1.33364312219973	0.185020808840443	7.20807097622101	5.67500501730552e-13	4.89853934988199e-10	1.16051998648671
Os08g0438501	34.2184512410626	2.68605986554887	0.801621720018505	3.35078229353224	0.000805836280609714	0.0449240793005708	0.808123485487072
Os08g0445700	179.797270704215	1.01642286512103	0.271044843648978	3.75001734560709	0.000176822338827086	0.0127620183250535	1.17387973752249
Os08g0446750	291.000176245414	0.896393540724769	0.235788701029777	3.80168149198789	0.000143717405537035	0.0107466661557343	1.1840743146758
Os08g0446800	784.121181871922	1.41610462139109	0.221621052639015	6.38975676962285	1.66149823900393e-10	6.2586060650641e-08	1.63099577867261
Os08g0460600	725.477878523007	0.760966150036652	0.229590468595201	3.31445009321506	0.000918235697467582	0.0317242347454477	1.65127946106027
Os08g0460650	178.103088041903	0.967214738410599	0.268831444503147	3.59784823608786	0.000320860741015234	0.0203246882143291	1.13915437899261
Os08g0478700	318.916531017921	0.867518594843971	0.259698171736024	3.34048787885107	0.000836313312725922	0.0239925688914977	2.28349262014454
Os08g0482600	182.682971944741	1.12123026258409	0.348858016510146	3.21400171278989	0.00130898892468082	0.0492651567873734	1.13915437899261
Os08g0498400	495.412471818662	0.945616539618732	0.245539671912358	3.8511761959031	0.000117551883136251	0.00736677953765995	1.64568999184298
Os08g0504500	298.104283862834	0.608566113658092	0.182054999640768	3.34275968723143	0.000829497007859572	0.020511499882769	2.87658569010505
Os08g0516900	1507.95265013394	0.609969740579852	0.120283380147043	5.07110574905844	3.95510910691454e-07	4.94636927878849e-05	2.23225597618304
Os08g0549000	668.433042843288	0.590774740471491	0.159365976095178	3.70703179528522	0.000209702623674788	0.0111521809397581	1.64636584705379
Os09g0256100	16.5008376496949	7.01203093053863	1.27353252110201	5.50596927393027	3.67142566099375e-08	4.35043979314588e-05	0.245667443900974
Os09g0325800	34.6218638366012	1.47815529717859	0.44015382985306	3.35826976144238	0.000784320296215194	0.0442928974839391	0.804136900383171
Os09g0334500	1710.47047531409	0.639186848677237	0.150851513247519	4.2371921561599	2.26332425416199e-05	0.00167736281895704	1.99813037520914
Os09g0347550	803.205283843588	-0.604565245134071	0.174958767284326	-3.45547270661544	0.000549328804563056	0.0225814932620441	1.64636584705379
Os09g0364800	68.6461014417067	1.12137208465998	0.329891102262846	3.39921894518547	0.000675785950667635	0.0353185180865605	1.0063479701655
Os09g0394600	1377.04412548051	0.762713222377667	0.217059767094238	3.51383967921854	0.000441679299554906	0.0159138683762811	2.17807809220891
Os09g0403300	1388.58667256527	1.303217028346	0.295398837193697	4.41172023805722	1.02552567257831e-05	0.000820383854581557	2.20557930712798
Os09g0409100	214.834915815667	-2.02986030133752	0.580019720706719	-3.49964014820783	0.000465886626610214	0.0220553053191321	1.43602280405446
Os09g0412300	534.069272464243	0.894230800716938	0.271565886787308	3.29286867100986	0.00099170785454806	0.0329384733404222	1.65127946106027
Os09g0414600	58.6004989902477	0.996515452558171	0.29587734988476	3.36800181881546	0.000757150966193502	0.0428574718595103	0.823133823771498
Os09g0418000	284.643253308094	0.737028910308092	0.191002496608881	3.85873966777156	0.000113973264168702	0.00723551171528735	1.64568999184298
Os09g0447300	1950.89732264167	0.827365633518827	0.193262685449323	4.28104179342876	1.86020414988176e-05	0.00134047685839305	2.17807809220891
Os09g0452900	64.216196245631	0.89063181803797	0.257685581121599	3.45627339396103	0.000547699504993416	0.0317296541489368	0.983122688031377
Os09g0455300	350.411244573853	2.57995946765682	0.261464952510484	9.86732425468522	5.76827815664556e-23	1.45917945656763e-19	1.22398669055803
Os09g0456100	280.016594730474	0.64906147994114	0.187377452125372	3.4639252086044	0.000532354501209407	0.0220504621413857	1.64568999184298
Os09g0456150	1.94830557045622	15.3087169483313	3.85495590257968	3.9711782275089	7.15180488584736e-05	0.0414693832783537	0.0831487399230654
Os09g0468300	313.533010698581	0.601199158801879	0.189120884535945	3.17891469404381	0.00147827590185816	0.0298684343445864	2.87658569010505
Os09g0482800	241.006286224753	1.27212127921682	0.247300374310663	5.14403297108948	2.68902308841364e-07	5.18513389670654e-05	1.43602280405446
Os09g0484800	302.844952602353	0.663263597967294	0.170368737987421	3.89310624591389	9.89687814354678e-05	0.00609772047094552	1.77177271690577
Os09g0486700	395.252706612651	-0.726920236904985	0.194586240435234	-3.73572270721234	0.00018717683868995	0.0081434684966104	2.27222783471531
Os09g0501600	962.902299063684	0.6534169450745	0.176813914137027	3.6955063647769	0.000219448982434729	0.00936051380068944	2.20176916511122
Os09g0501650	83.9633928595864	1.5041674939053	0.389012365039811	3.86663157545485	0.000110348939997478	0.00999947980671968	1.01309166190385
Os09g0522100	35.1208899388637	4.12157928056323	1.16940634925332	3.52450564612968	0.000424273772811461	0.0298092602437924	0.828649769479635
Os09g0522200	190.230467456704	2.22748025364569	0.413867477873317	5.38210990892963	7.36177896493081e-08	2.0342379916375e-05	1.17387973752249
Os09g0536400	872.966322808455	1.2334402198641	0.209695586303569	5.88205141370258	4.05212417686562e-09	1.09325812253412e-06	1.68318038829918
Os09g0553900	121.091473230376	-1.27737191957589	0.334883181711223	-3.81438062386004	0.000136524911336673	0.0152856944048232	0.712411215409016
Os09g0557800	1820.49373719411	-0.658813031480804	0.214880580068866	-3.0659496138258	0.00216979876329473	0.0446930123599443	2.20176916511122
Os09g0565300	322.429283922309	0.809435448342947	0.19775194526121	4.09318577005027	4.25486559766269e-05	0.00306336303553826	1.77177271690577
Os09g0569100	295.012919269476	-0.682293604869283	0.218100190376418	-3.12834942368329	0.00175791057685371	0.0448176742901858	1.77177271690577
Os10g0100700	194.543419359794	-1.34224224204276	0.249138145130883	-5.38754208568753	7.14277535084354e-08	2.0342379916375e-05	1.13915437899261
Os10g0103700	159.396400726567	1.01699369508173	0.270222215946904	3.76354583400189	0.000167521006222028	0.0148627601735181	0.914240638055186
Os10g0140700	656.162464783229	-1.10600461967865	0.210895834012035	-5.24431705756468	1.5686225799353e-07	2.88553939161901e-05	1.68318038829918
Os10g0146901	508.200830364997	0.819451074700032	0.195239447924821	4.19715935181076	2.7028376221581e-05	0.00228476450206416	1.65127946106027
Os10g0171500	1421.857139976	-0.748100406012049	0.151229634559574	-4.94678445921489	7.54494403025247e-07	9.96952307275147e-05	1.99813037520914
Os10g0207400	262.417727295033	0.818479455607269	0.233991947551496	3.49789582150958	0.000468944272431672	0.0253785193724105	1.1840743146758
Os10g0210500	353.396384878455	0.941942493581523	0.288818649549216	3.26136312544807	0.00110877948298739	0.0424975366972956	1.22398669055803
Os10g0389300	140.775606966859	-2.60561088641489	0.580439315203503	-4.48903239006365	7.15474191038602e-06	0.00248320799924156	0.391269255012807
Os10g0392400	180.279102953493	1.41704633505363	0.307042189294604	4.61515187313229	3.92807961787763e-06	0.000663196483541469	1.1501403269636
Os10g0393800	33.9100015329552	2.23465458788803	0.624051476710386	3.58088182030711	0.000342436526595667	0.026418590296951	0.804136900383171
Os10g0403000	504.172126048465	-1.08211834640828	0.272173761788052	-3.97583638958907	7.01323312999845e-05	0.00863171071576271	0.783932348973931
Os10g0406350	322.465196033622	-1.05336352191869	0.216054752635524	-4.8754471219417	1.08562275041322e-06	0.00016163968676494	1.64568999184298
Os10g0416500	213.444554551048	1.31953028116817	0.284146559804024	4.6438369061313	3.4199757325427e-06	0.000726580609551787	0.852733381009301
Os10g0425400	26.1895089164783	2.49343350552454	0.601067866355098	4.14833938910232	3.34895672257329e-05	0.0116337321210609	0.247347577385069
Os10g0431000	474.248571739634	-0.597520012844671	0.174984849544573	-3.41469569736932	0.000638533052946876	0.0404367765861656	0.783932348973931
Os10g0432001	271.648720770248	1.07313188945102	0.294406120221948	3.64507330432535	0.000267315595819324	0.0135929510387332	1.64568999184298
Os10g0454300	341.799300399985	-0.894158327039172	0.266685415619527	-3.35285799173527	0.000799817322277231	0.0232628922767579	2.28349262014454
Os10g0461400	10.4106815942765	6.16383041052672	1.54021449904324	4.00192987038859	6.28279226340949e-05	0.0422965870507923	0.0703639768885391
Os10g0466800	82.47197736068	2.77145182423703	0.51008455506432	5.43331845028626	5.5315560423264e-08	1.80548233516642e-05	1.01309166190385
Os10g0467850	1928.41408159346	0.624705622690618	0.188831386944149	3.3082721723343	0.000938735295659288	0.0262805556483375	2.23225597618304
Os10g0478350	110.93120539307	1.13742828628958	0.322477363339914	3.52715699021222	0.000420047625635448	0.0246347322367928	1.10774198098822
Os10g0483500	1029.63467434855	1.26954622940568	0.218855188105452	5.80085050939696	6.5979402046698e-09	1.71165015175431e-06	1.68318038829918
Os10g0489399	17.0580142076038	4.88247022721191	1.31109225906511	3.72397151569898	0.000196113062608041	0.0398079766251638	0.245667443900974
Os10g0492400	992.969025254995	0.805801199167848	0.257168659777135	3.13335691785369	0.0017281915356383	0.0414898242952079	1.99813037520914
Os10g0499400	1022.81262970978	0.759554688478349	0.157913481834396	4.80994199896685	1.50974098046202e-06	0.000216247584516723	1.65127946106027
Os10g0512400	862.829490377919	0.630730756756388	0.174452206918257	3.61549313647794	0.000299776417833024	0.0148627601735181	1.63099577867261
Os10g0513300	565.317922356606	0.59767392643287	0.151386980486148	3.94798763086207	7.881087545523e-05	0.00539897836838072	1.64636584705379
Os10g0516900	300.542583271457	2.277489867857	0.300457516991404	7.58007285243644	3.4536097677858e-14	2.28928123713294e-11	1.77177271690577
Os10g0532600	365.219103239276	-0.635982874186502	0.20121427779806	-3.1607243837079	0.00157377337242179	0.0437542785371087	1.64568999184298
Os10g0555600	3508.0021153545	-0.80681532205622	0.157621200229787	-5.11869799798509	3.07652142216978e-07	4.10262726126594e-05	2.20176916511122
Os10g0561800	559.241500088224	1.26453117227297	0.157271985537249	8.04040953608657	8.95387128998639e-16	8.02960764554615e-13	1.65127946106027
Os10g0578200	355.808774104637	-1.57727249749032	0.36171346047305	-4.36055792733718	1.29731231022081e-05	0.000952625527057041	2.28349262014454
Os11g0104866	666.59853979897	-1.15074465958197	0.337679976757323	-3.40779654936118	0.000654897038073375	0.0254185844645298	1.64636584705379
Os11g0112400	74.788871971594	1.05844004444753	0.31778611706722	3.33066797950662	0.000866378725180836	0.0414693832783537	1.0063479701655
Os11g0113700	1197.26564280679	0.695863392492779	0.207262503696088	3.35740126691287	0.000786788376379562	0.0253040557818972	1.99813037520914
Os11g0118300	595.008490596725	-0.90594548700614	0.247969101202416	-3.6534611877575	0.000258728912658871	0.0156843658821377	1.29754370384622
Os11g0120300	250.744122078069	-1.00747412992612	0.183045870066885	-5.50394351731613	3.71388577793956e-08	1.49834552986796e-05	0.852733381009301
Os11g0121000	374.933603435924	1.05727103011446	0.23018472077901	4.59314165830101	4.36622457414096e-06	0.000493720353206387	1.77177271690577
Os11g0129000	682.132076777802	-0.598076857718406	0.176411509643838	-3.39023717287992	0.000698321797369428	0.0263799682839043	1.65127946106027
Os11g0139700	3457.12894272349	0.628685503669882	0.207543613105808	3.0291729736312	0.00245224235233574	0.0478458785986657	2.23225597618304
Os11g0143200	627.224149784573	1.24184152126212	0.198784469987955	6.24717575441063	4.17940695830878e-10	1.50475475181992e-07	1.63099577867261
Os11g0143300	1735.91556833711	2.53254107479023	0.147405201419654	17.1808121450221	3.69699038686192e-66	1.90298901183914e-62	2.20557930712798
Os11g0149400	206.219474393034	0.861711703426624	0.228087117767323	3.77799374143381	0.000158096851101415	0.0148768168258873	0.852733381009301
Os11g0151400	96.3602396789004	1.67168999975676	0.309767023753573	5.39660413009822	6.79140036188603e-08	2.92507832254692e-05	0.712411215409016
Os11g0153000	126.36158111317	1.14007834920171	0.2407605469499	4.73532048188504	2.18709220143156e-06	0.000945972204400114	0.391269255012807
Os11g0180900	331.604585485112	0.60382986656498	0.193594281613938	3.11904805003035	0.00181436370421893	0.0479563865200419	1.64568999184298
Os11g0182100	234.72162277048	-0.761511335742248	0.231526528647348	-3.2890889013507	0.00100512270268909	0.0414693832783537	1.17387973752249
Os11g0427700	968.9734130382	-0.742610694246035	0.170903599284254	-4.34520219209012	1.39147434444277e-05	0.00104609304384917	2.17807809220891
Os11g0435500	102.356685617234	0.933968975290282	0.2540793551586	3.67589477983083	0.000237017204269265	0.0177470083615596	1.0063479701655
Os11g0459300	27.9562373066052	7.41893579271585	1.4165342275649	5.23738547812532	1.62867296596607e-07	6.27772489514124e-05	0.706892684523607
Os11g0483000	125.296051895939	1.67615903504001	0.473025845952907	3.54348298170346	0.000394878795565909	0.0453225384471808	0.391269255012807
Os11g0488900	307.025019372392	1.19873421146335	0.358437080124018	3.34433650404861	0.000824796285506025	0.020511499882769	2.87658569010505
Os11g0489250	1000.42059307294	0.627996329600641	0.198142779033147	3.16941315078449	0.00152747100035986	0.0386346447807133	1.99813037520914
Os11g0490900	124.030210674833	1.4950015114209	0.310720326455955	4.81140557643183	1.49872536566924e-06	0.000299222753198856	1.10774198098823
Os11g0508600	909.464579967138	0.826977648445764	0.22309262770341	3.70688021813606	0.000209828122607142	0.00909191958836609	2.20176916511122
Os11g0513000	46.9451421552042	1.24658094182758	0.316040376111996	3.94437241583913	8.00092364773158e-05	0.0454943065417069	0.0786030461826886
Os11g0513900	182.524417377976	1.39302389393192	0.406150463489796	3.42982224361519	0.000603976781645547	0.0303658896979269	1.1501403269636
Os11g0534300	29.1783759260866	1.37264244139518	0.386892103006512	3.54786885213854	0.000388361545902802	0.0278089894577965	0.828649769479635
Os11g0557800	2494.22710362883	-0.597393076114687	0.18086105211019	-3.30304987803965	0.000956393749254191	0.0265315081598603	2.23225597618304
Os11g0566800	20.2651602261673	-3.65348198777475	0.894958840169974	-4.08229051861297	4.45940022541802e-05	0.0145264624800719	0.251941888622225
Os11g0582100	270.495575781332	0.774218826363714	0.140392835036594	5.5146605320842	3.49453808727176e-08	7.61289846455862e-06	1.64568999184298
Os11g0632200	209.030248513274	-0.72946332831688	0.183425678125832	-3.97688772788105	6.98231103119919e-05	0.00736677953765995	0.977680474665512
Os11g0634200	218.974708007827	0.73586652823956	0.145923986877136	5.04280717644548	4.58751478577834e-07	0.000119263521677765	0.977680474665512
Os11g0638000	296.944547577014	0.888316001030642	0.190153130029629	4.67158232363688	2.9888826093688e-06	0.000293290199103587	2.28349262014454
Os11g0643100	49.0882867040677	3.54913148205042	0.883369219074274	4.01772147525101	5.87635959406544e-05	0.0081434684966104	0.712897023014696
Os11g0643800	1340.19194230137	-0.601287010388755	0.144330565627502	-4.16604069813319	3.09935395125855e-05	0.00204533538956626	2.20557930712798
Os11g0669200	57.4003615792976	1.17733390722424	0.355199612031963	3.31456980059509	0.000917842612377241	0.0482487964776835	0.823133823771498
Os11g0670900	509.20036762668	1.10754838969662	0.311309059794222	3.55771332330875	0.000374097264679566	0.0281196558345649	0.783932348973931
Os11g0702100	69.4979607092807	-1.36407582127892	0.420529155401252	-3.24371284073604	0.00117982626134448	0.0498504703458673	1.0063479701655
Os12g0102600	281.808214586806	-0.800522671402817	0.211223245803658	-3.78993641706908	0.000150685851081747	0.0058115058162661	2.87658569010505
Os12g0113500	1602.22341239173	0.816658957550974	0.206229428360232	3.95995355291618	7.49643421990023e-05	0.00407039271933719	2.23225597618304
Os12g0120100	156.365907716031	-1.62817711454969	0.262001804592773	-6.21437366464081	5.15297729225646e-10	2.3731542398217e-07	1.17387973752249
Os12g0127200	132.210228012748	0.97826051033211	0.186342647548484	5.24979398544597	1.52269407374445e-07	4.0710655469486e-05	1.10774198098823
Os12g0139400	2252.23160765171	2.73523605582348	0.15225693843447	17.9646069594437	3.68881492557933e-72	2.85309989669058e-68	2.20176916511122
Os12g0156883	129.321048899611	1.2756796616014	0.358010761147607	3.56324390225646	0.000366300044098269	0.0239708181383237	1.0063479701655
Os12g0163700	393.423810357252	-0.697008278490084	0.21432463554911	-3.25211460971024	0.00114549822163709	0.0294009652736221	2.27222783471531
Os12g0167950	249.179945146885	1.60503405796176	0.489853446169812	3.27655969456089	0.00105080097079951	0.0424975366972956	1.16051998648671
Os12g0181600	510.631706472573	1.1398768710969	0.21094336478105	5.40371048067827	6.52762759043717e-08	2.65048223872191e-05	0.783932348973931
Os12g0181701	252.605341761713	1.06458128082277	0.294992169761674	3.60884589473289	0.000307562235226726	0.021733068050136	0.977680474665512
Os12g0207600	1.26827726236947	16.6593517237814	4.09792223692482	4.06531670456564	4.7967280390187e-05	0.0414693832783537	0.0556224558576337
Os12g0431700	169.687713960043	-1.02058910937218	0.286341164769302	-3.56424166324266	0.000364909643957554	0.021733068050136	1.16051998648671
Os12g0484600	286.059882122606	-1.08861169062538	0.269209635472317	-4.04373227100679	5.26069890779157e-05	0.00248320799924156	2.87658569010505
Os12g0556200	320.402767189269	1.1423795939344	0.238230533943515	4.79526941834105	1.62456340664868e-06	0.000301479579292078	1.1840743146758
Os12g0580700	618.70580225919	0.75167729087782	0.19942756958584	3.76917440471677	0.000163788415345067	0.00939638608481688	1.63099577867261
Os12g0586100	674.742971325085	0.647713833462473	0.176270798406562	3.67453849030936	0.000238279723236693	0.0148627601735181	1.29754370384622
Os12g0587200	182.249427423512	-0.759843068303612	0.214759323836775	-3.53811445635356	0.000402995329913846	0.0232628922767579	1.1501403269636
Os12g0614600	249.676048213088	1.07081789475522	0.27587189092358	3.88157666651096	0.000103781423126423	0.00860319692111106	1.17387973752249
Os12g0623600	1010.19128299928	0.808817103884936	0.109166992273174	7.40898954018075	1.27265342040476e-13	6.35050938953802e-11	2.20176916511122
Os12g0624050	273.180484894243	-1.05448471583996	0.332606310841584	-3.17036893609093	0.00152245497584274	0.0414693832783537	1.77177271690577
Os12g0626400	349.694579045389	-0.805402619257492	0.17007622888976	-4.73553902573616	2.18473658327865e-06	0.000370689624243298	1.22398669055803
